date,open,close,high,low,volume,symbol
20120608,0.858,0.848,0.858,0.84,1321,162411.SZ
20120611,0.846,0.85,0.85,0.846,1002,162411.SZ
20120612,0.858,0.83,0.858,0.83,341,162411.SZ
20120613,0.848,0.849,0.858,0.833,154,162411.SZ
20120614,0.84,0.841,0.85,0.84,129,162411.SZ
20120615,0.841,0.842,0.842,0.841,86,162411.SZ
20120618,0.85,0.879,0.888,0.845,413,162411.SZ
20120619,0.842,0.88,0.886,0.842,330,162411.SZ
20120620,0.848,0.857,0.859,0.848,71,162411.SZ
20120621,0.857,0.849,0.857,0.844,31,162411.SZ
20120625,0.84,0.839,0.844,0.838,313,162411.SZ
20120626,0.81,0.853,0.858,0.81,81,162411.SZ
20120627,0.858,0.835,0.858,0.822,315,162411.SZ
20120629,0.83,0.847,0.848,0.83,359,162411.SZ
20120702,0.88,0.87,0.88,0.86,1469,162411.SZ
20120703,0.879,0.882,0.885,0.879,502,162411.SZ
20120704,0.937,0.917,0.937,0.894,671,162411.SZ
20120705,0.9,0.904,0.915,0.9,139,162411.SZ
20120706,0.9,0.904,0.904,0.9,154,162411.SZ
20120709,0.885,0.884,0.885,0.884,195,162411.SZ
20120710,0.904,0.902,0.904,0.902,33,162411.SZ
20120711,0.87,0.898,0.898,0.87,139,162411.SZ
20120712,0.861,0.863,0.898,0.861,230,162411.SZ
20120716,0.862,0.862,0.862,0.862,260,162411.SZ
20120717,0.88,0.885,0.885,0.88,100,162411.SZ
20120719,0.916,0.916,0.916,0.916,2,162411.SZ
20120720,0.928,0.927,0.928,0.927,39,162411.SZ
20120723,0.9,0.888,0.92,0.87,299,162411.SZ
20120724,0.872,0.873,0.873,0.872,42,162411.SZ
20120725,0.866,0.865,0.868,0.851,5909,162411.SZ
20120726,0.863,0.863,0.863,0.856,170,162411.SZ
20120727,0.868,0.872,0.872,0.867,12225,162411.SZ
20120730,0.886,0.905,0.905,0.885,5237,162411.SZ
20120801,0.88,0.903,0.906,0.88,484,162411.SZ
20120806,0.909,0.902,0.909,0.902,169,162411.SZ
20120808,0.909,0.91,0.911,0.909,231,162411.SZ
20120809,0.913,0.921,0.924,0.913,654,162411.SZ
20120810,0.924,0.927,0.927,0.924,499,162411.SZ
20120813,0.926,0.927,0.932,0.926,219,162411.SZ
20120814,0.915,0.928,0.928,0.915,21,162411.SZ
20120815,0.935,0.93,0.935,0.93,40,162411.SZ
20120816,0.93,0.93,0.947,0.93,157,162411.SZ
20120817,0.936,0.939,0.955,0.936,596,162411.SZ
20120820,0.938,0.941,0.96,0.938,659,162411.SZ
20120821,0.95,0.94,0.95,0.938,121,162411.SZ
20120822,0.958,0.948,0.958,0.948,231,162411.SZ
20120823,0.96,0.96,0.96,0.957,192,162411.SZ
20120824,0.965,0.949,0.965,0.915,75,162411.SZ
20120827,0.95,0.941,0.95,0.94,268,162411.SZ
20120828,0.941,0.941,0.941,0.941,11,162411.SZ
20120829,0.94,0.94,0.942,0.94,67,162411.SZ
20120830,0.93,0.93,0.94,0.93,178,162411.SZ
20120903,0.942,0.965,0.965,0.942,25,162411.SZ
20120904,0.965,0.969,0.969,0.965,11,162411.SZ
20120905,0.95,0.95,0.95,0.95,3,162411.SZ
20120906,0.94,0.926,0.94,0.926,97,162411.SZ
20120907,0.933,0.938,0.938,0.933,41,162411.SZ
20120910,0.941,0.955,0.955,0.941,63,162411.SZ
20120911,0.955,0.964,0.964,0.955,60,162411.SZ
20120912,0.969,0.979,0.979,0.969,635,162411.SZ
20120914,0.992,1.077,1.077,0.988,541,162411.SZ
20120917,1.077,1.047,1.077,1.013,1410,162411.SZ
20120918,1.02,1.023,1.04,1.006,963,162411.SZ
20120919,1.0,1.022,1.022,1.0,334,162411.SZ
20120920,0.999,0.988,1.0,0.988,204,162411.SZ
20120921,1.0,1.0,1.0,0.982,629,162411.SZ
20120924,1.003,0.98,1.003,0.98,318,162411.SZ
20120925,1.004,1.007,1.007,1.0,180,162411.SZ
20120927,1.03,1.01,1.03,1.01,15,162411.SZ
20120928,0.98,1.01,1.01,0.98,211,162411.SZ
20121008,1.0,1.001,1.001,1.0,104,162411.SZ
20121009,1.001,0.999,1.01,0.97,469,162411.SZ
20121010,1.01,1.009,1.01,1.009,44,162411.SZ
20121011,1.02,1.1,1.1,1.019,879,162411.SZ
20121012,1.1,1.048,1.1,1.048,30,162411.SZ
20121015,1.064,1.015,1.064,1.015,7,162411.SZ
20121016,1.015,1.03,1.048,1.015,292,162411.SZ
20121017,1.099,1.099,1.099,1.099,3,162411.SZ
20121018,1.099,1.085,1.099,1.01,682,162411.SZ
20121019,1.17,1.035,1.17,1.001,479,162411.SZ
20121022,1.02,1.02,1.02,1.008,70,162411.SZ
20121024,1.019,1.019,1.02,1.001,469,162411.SZ
20121025,1.0,1.0,1.0,0.98,321,162411.SZ
20121029,0.97,0.979,0.979,0.941,530,162411.SZ
20121030,0.977,0.96,0.977,0.96,126,162411.SZ
20121031,0.965,0.965,0.965,0.965,3,162411.SZ
20121101,0.965,1.038,1.039,0.965,332,162411.SZ
20121102,0.999,0.999,0.999,0.999,24,162411.SZ
20121105,0.98,0.976,1.009,0.955,31,162411.SZ
20121106,0.99,0.99,0.99,0.99,1,162411.SZ
20121107,0.989,0.995,0.995,0.989,90,162411.SZ
20121108,1.016,0.994,1.016,0.906,1014,162411.SZ
20121109,0.938,0.94,0.958,0.929,1198,162411.SZ
20121112,0.93,0.931,0.938,0.93,49,162411.SZ
20121113,0.923,0.92,0.923,0.92,20,162411.SZ
20121115,0.927,0.918,0.927,0.918,38,162411.SZ
20121116,0.919,0.931,0.96,0.898,574,162411.SZ
20121119,0.931,0.948,1.024,0.913,799,162411.SZ
20121120,0.918,0.958,0.986,0.854,763,162411.SZ
20121121,0.929,0.963,0.979,0.926,732,162411.SZ
20121122,0.998,0.972,1.0,0.913,656,162411.SZ
20121123,0.963,0.998,0.999,0.963,503,162411.SZ
20121126,0.936,0.979,0.979,0.922,513,162411.SZ
20121127,0.972,0.971,0.972,0.971,275,162411.SZ
20121128,0.939,0.958,0.958,0.913,371,162411.SZ
20121129,0.953,0.928,0.978,0.928,304,162411.SZ
20121130,0.927,0.964,0.964,0.923,304,162411.SZ
20121203,0.938,0.965,0.965,0.933,42,162411.SZ
20121204,0.927,0.966,0.968,0.927,296,162411.SZ
20121205,0.926,0.948,0.953,0.87,364,162411.SZ
20121206,0.937,0.937,0.938,0.937,109,162411.SZ
20121207,0.921,0.923,0.924,0.92,492,162411.SZ
20121210,0.92,0.936,0.936,0.92,130,162411.SZ
20121211,0.935,0.93,0.985,0.919,405,162411.SZ
20121212,0.954,0.954,0.954,0.954,1,162411.SZ
20121213,0.929,0.932,0.953,0.929,270,162411.SZ
20121214,0.95,0.958,1.025,0.933,543,162411.SZ
20121217,0.934,0.929,0.939,0.866,1027,162411.SZ
20121218,0.948,0.93,0.949,0.93,211,162411.SZ
20121219,0.97,0.965,0.97,0.952,891,162411.SZ
20121221,0.953,0.971,0.971,0.953,68,162411.SZ
20121224,0.948,0.963,0.963,0.948,54,162411.SZ
20121225,0.958,0.962,0.962,0.958,53,162411.SZ
20121227,0.958,0.958,0.958,0.958,6,162411.SZ
20121228,0.941,0.968,0.968,0.941,218,162411.SZ
20121231,0.951,0.93,0.951,0.93,835,162411.SZ
20130104,0.94,0.948,0.949,0.938,420,162411.SZ
20130107,0.948,0.966,0.968,0.948,350,162411.SZ
20130108,0.937,0.948,0.948,0.937,23,162411.SZ
20130109,0.948,0.952,0.952,0.946,180,162411.SZ
20130110,0.959,0.965,0.967,0.959,309,162411.SZ
20130111,0.959,0.959,0.959,0.959,3,162411.SZ
20130114,0.952,0.969,0.969,0.952,170,162411.SZ
20130115,0.968,0.96,0.968,0.96,70,162411.SZ
20130117,0.961,0.97,0.977,0.961,111,162411.SZ
20130118,0.964,0.98,0.983,0.964,279,162411.SZ
20130121,0.99,0.981,0.99,0.98,109,162411.SZ
20130123,0.987,0.999,0.999,0.987,47,162411.SZ
20130124,0.988,0.991,0.991,0.988,249,162411.SZ
20130128,0.99,0.997,1.006,0.99,26,162411.SZ
20130129,0.998,1.008,1.008,0.983,12,162411.SZ
20130130,1.0,1.01,1.01,1.0,169,162411.SZ
20130201,1.018,1.018,1.018,1.018,20,162411.SZ
20130204,1.023,1.025,1.025,1.023,81,162411.SZ
20130205,0.992,1.0,1.039,0.992,61,162411.SZ
20130206,1.004,1.003,1.004,1.003,81,162411.SZ
20130207,1.007,1.008,1.008,1.007,39,162411.SZ
20130218,1.017,1.017,1.017,1.017,39,162411.SZ
20130219,1.017,1.008,1.017,1.002,55,162411.SZ
20130220,1.011,1.032,1.032,1.011,84,162411.SZ
20130221,1.019,1.019,1.019,1.019,47,162411.SZ
20130222,1.089,0.985,1.089,0.985,213,162411.SZ
20130225,0.891,1.043,1.05,0.891,36,162411.SZ
20130226,0.99,1.018,1.018,0.988,13,162411.SZ
20130227,0.982,0.983,1.025,0.982,104,162411.SZ
20130301,1.065,0.98,1.065,0.98,22,162411.SZ
20130304,0.942,0.942,0.942,0.942,194,162411.SZ
20130305,0.975,0.986,0.986,0.975,493,162411.SZ
20130306,0.991,1.0,1.0,0.991,274,162411.SZ
20130307,0.986,0.986,0.986,0.986,1,162411.SZ
20130308,1.001,1.002,1.002,1.001,135,162411.SZ
20130311,1.044,1.038,1.044,1.019,305,162411.SZ
20130313,1.022,1.022,1.022,1.022,30,162411.SZ
20130314,1.039,1.05,1.05,1.039,63,162411.SZ
20130315,1.028,1.053,1.15,1.028,360,162411.SZ
20130318,1.05,1.048,1.05,1.037,170,162411.SZ
20130319,1.04,1.05,1.07,1.04,370,162411.SZ
20130320,1.03,1.034,1.045,1.03,293,162411.SZ
20130322,1.02,1.025,1.13,1.02,1635,162411.SZ
20130325,1.06,1.04,1.06,1.038,597,162411.SZ
20130326,1.023,1.011,1.023,1.006,10,162411.SZ
20130327,1.024,1.038,1.046,1.023,809,162411.SZ
20130328,1.029,1.039,1.039,1.029,151,162411.SZ
20130329,1.023,1.023,1.023,1.023,284,162411.SZ
20130401,1.023,1.069,1.069,1.023,118,162411.SZ
20130403,1.02,1.026,1.026,1.02,93,162411.SZ
20130408,0.999,1.018,1.12,0.99,297,162411.SZ
20130409,1.09,1.019,1.09,1.019,27,162411.SZ
20130410,1.019,1.019,1.019,1.019,17,162411.SZ
20130411,1.028,1.028,1.028,1.028,22,162411.SZ
20130418,0.96,0.959,0.96,0.959,100,162411.SZ
20130419,1.0,1.0,1.03,1.0,511,162411.SZ
20130422,0.957,0.957,0.957,0.957,1,162411.SZ
20130425,0.961,0.963,0.963,0.961,31,162411.SZ
20130426,0.963,0.963,0.963,0.963,15,162411.SZ
20130503,0.979,0.979,0.979,0.979,12,162411.SZ
20130508,0.99,0.99,0.99,0.99,30,162411.SZ
20130509,1.0,1.0,1.005,1.0,72,162411.SZ
20130510,0.983,0.983,0.983,0.983,7,162411.SZ
20130513,0.984,0.984,0.984,0.984,19,162411.SZ
20130515,0.99,1.016,1.038,0.99,155,162411.SZ
20130516,1.001,1.001,1.001,1.001,6,162411.SZ
20130517,1.043,1.043,1.043,1.043,20,162411.SZ
20130520,0.996,1.011,1.044,0.996,41,162411.SZ
20130521,1.016,1.112,1.112,1.016,389,162411.SZ
20130522,1.11,1.18,1.222,1.11,326,162411.SZ
20130523,1.188,1.187,1.188,1.068,53,162411.SZ
20130524,1.198,1.188,1.198,1.07,312,162411.SZ
20130527,1.185,1.176,1.185,1.096,702,162411.SZ
20130528,1.15,1.17,1.17,1.078,1511,162411.SZ
20130529,1.085,1.066,1.118,1.063,2270,162411.SZ
20130530,1.027,1.05,1.08,1.027,428,162411.SZ
20130531,1.03,1.053,1.077,1.03,575,162411.SZ
20130603,1.05,1.063,1.063,1.05,10,162411.SZ
20130604,1.04,1.036,1.04,1.018,139,162411.SZ
20130605,1.036,1.037,1.037,1.036,185,162411.SZ
20130606,1.037,1.048,1.048,1.037,116,162411.SZ
20130607,1.04,1.04,1.04,1.04,49,162411.SZ
20130614,1.012,1.014,1.016,1.012,230,162411.SZ
20130617,1.019,1.047,1.047,1.019,164,162411.SZ
20130618,1.001,1.001,1.001,1.001,1,162411.SZ
20130619,1.038,1.038,1.038,1.038,2,162411.SZ
20130620,1.038,1.002,1.038,1.002,220,162411.SZ
20130621,1.007,1.007,1.007,1.007,9,162411.SZ
20130624,0.963,1.007,1.029,0.963,8,162411.SZ
20130627,0.97,0.98,0.98,0.97,271,162411.SZ
20130628,0.998,0.999,1.0,0.998,185,162411.SZ
20130702,1.0,1.0,1.0,1.0,2,162411.SZ
20130703,0.915,1.035,1.035,0.915,111,162411.SZ
20130704,1.029,1.029,1.029,1.029,1,162411.SZ
20130705,1.033,1.033,1.033,1.033,4,162411.SZ
20130708,0.98,1.028,1.028,0.98,111,162411.SZ
20130709,0.99,1.014,1.017,0.99,525,162411.SZ
20130710,1.018,1.001,1.018,1.001,157,162411.SZ
20130711,1.012,1.019,1.019,1.012,99,162411.SZ
20130712,1.03,1.026,1.03,1.025,111,162411.SZ
20130715,1.035,1.033,1.035,1.001,296,162411.SZ
20130716,1.037,1.01,1.037,1.01,544,162411.SZ
20130717,0.991,1.026,1.027,0.991,198,162411.SZ
20130718,1.025,1.025,1.025,1.025,130,162411.SZ
20130723,1.033,1.033,1.033,1.033,45,162411.SZ
20130725,1.03,1.03,1.03,1.03,100,162411.SZ
20130726,1.022,1.022,1.022,1.022,80,162411.SZ
20130729,1.021,1.021,1.021,1.021,88,162411.SZ
20130730,1.021,1.021,1.021,1.021,1,162411.SZ
20130802,1.055,1.055,1.055,1.045,471,162411.SZ
20130805,1.06,1.06,1.06,1.06,150,162411.SZ
20130808,1.069,1.068,1.166,1.068,188,162411.SZ
20130809,0.961,1.031,1.07,0.961,243,162411.SZ
20130812,1.02,1.042,1.11,1.02,242,162411.SZ
20130814,1.13,1.067,1.13,1.067,85,162411.SZ
20130815,1.022,1.099,1.1,1.022,204,162411.SZ
20130816,1.02,1.12,1.13,1.02,251,162411.SZ
20130819,1.009,1.08,1.11,1.009,452,162411.SZ
20130820,1.188,1.085,1.188,1.024,259,162411.SZ
20130821,1.007,1.081,1.084,1.007,242,162411.SZ
20130822,1.1,1.18,1.185,1.018,359,162411.SZ
20130823,1.062,1.166,1.179,1.062,559,162411.SZ
20130826,1.065,1.128,1.128,1.065,474,162411.SZ
20130827,1.09,1.127,1.127,1.08,209,162411.SZ
20130828,1.07,1.113,1.119,1.06,963,162411.SZ
20130829,1.061,1.072,1.072,1.06,254,162411.SZ
20130830,1.052,1.052,1.052,1.052,56,162411.SZ
20130902,1.02,1.022,1.022,1.02,105,162411.SZ
20130903,1.074,1.074,1.074,1.074,6,162411.SZ
20130904,1.07,1.07,1.079,1.07,51,162411.SZ
20130906,1.089,1.079,1.089,1.04,20,162411.SZ
20130909,1.08,1.077,1.08,1.047,83,162411.SZ
20130910,1.048,1.06,1.077,1.048,120,162411.SZ
20130911,1.05,1.043,1.05,1.042,249,162411.SZ
20130912,1.045,1.046,1.046,1.045,55,162411.SZ
20130913,1.049,1.054,1.054,1.049,37,162411.SZ
20130917,1.05,1.043,1.054,1.043,496,162411.SZ
20130918,1.05,1.06,1.09,1.05,602,162411.SZ
20130923,1.065,1.078,1.078,1.065,316,162411.SZ
20130924,1.084,1.085,1.085,1.084,299,162411.SZ
20130925,1.066,1.066,1.066,1.066,42,162411.SZ
20130926,1.068,1.068,1.068,1.068,271,162411.SZ
20130927,1.073,1.079,1.088,1.073,275,162411.SZ
20130930,1.07,1.07,1.07,1.07,150,162411.SZ
20131008,1.081,1.081,1.095,1.081,42,162411.SZ
20131009,1.07,1.071,1.071,1.07,10,162411.SZ
20131010,1.059,1.059,1.059,1.059,10,162411.SZ
20131011,1.09,1.098,1.098,1.076,127,162411.SZ
20131014,1.108,1.108,1.108,1.108,127,162411.SZ
20131016,1.115,1.126,1.126,1.115,15,162411.SZ
20131017,1.145,1.146,1.146,1.145,159,162411.SZ
20131018,1.261,1.261,1.261,1.261,1,162411.SZ
20131021,1.261,1.165,1.261,1.165,94,162411.SZ
20131022,1.172,1.173,1.184,1.172,93,162411.SZ
20131023,1.173,1.2,1.2,1.173,154,162411.SZ
20131024,1.266,1.266,1.266,1.266,1,162411.SZ
20131025,1.254,1.254,1.254,1.254,136,162411.SZ
20131028,1.145,1.244,1.245,1.145,175,162411.SZ
20131029,1.145,1.145,1.145,1.145,1,162411.SZ
20131030,1.149,1.149,1.149,1.149,50,162411.SZ
20131105,1.138,1.138,1.138,1.138,100,162411.SZ
20131115,1.138,1.138,1.138,1.138,5,162411.SZ
20131118,1.12,1.12,1.12,1.12,4,162411.SZ
20131125,1.109,1.109,1.109,1.109,8,162411.SZ
20131204,1.071,1.071,1.071,1.071,3,162411.SZ
20131205,1.08,1.08,1.08,1.08,10,162411.SZ
20131213,1.001,1.001,1.001,1.001,1,162411.SZ
20131219,1.022,1.022,1.022,1.022,100,162411.SZ
20131223,1.051,1.051,1.051,1.051,129,162411.SZ
20131224,1.081,1.089,1.089,1.081,2,162411.SZ
20131225,1.073,1.073,1.073,1.073,2,162411.SZ
20140108,1.052,1.052,1.052,1.052,2,162411.SZ
20140121,1.043,1.043,1.043,1.043,0,162411.SZ
20140213,1.052,1.08,1.08,1.052,3,162411.SZ
20140227,1.114,1.114,1.114,1.114,1,162411.SZ
20140303,1.225,1.225,1.225,1.225,1,162411.SZ
20140402,1.125,1.125,1.125,1.125,87,162411.SZ
20140408,1.167,1.167,1.167,1.167,301,162411.SZ
20140411,1.188,1.178,1.188,1.178,170,162411.SZ
20140414,1.178,1.178,1.178,1.06,237,162411.SZ
20140415,1.296,1.296,1.296,1.178,237,162411.SZ
20140416,1.426,1.426,1.426,1.185,236,162411.SZ
20140417,1.426,1.56,1.569,1.285,277,162411.SZ
20140418,1.568,1.716,1.716,1.41,365,162411.SZ
20140421,1.716,1.561,1.887,1.551,667,162411.SZ
20140422,1.689,1.608,1.689,1.405,598,162411.SZ
20140423,1.68,1.655,1.769,1.48,468,162411.SZ
20140424,1.49,1.49,1.49,1.49,273,162411.SZ
20140425,1.341,1.341,1.341,1.341,220,162411.SZ
20140428,1.215,1.278,1.278,1.215,820,162411.SZ
20140429,1.221,1.25,1.25,1.221,86,162411.SZ
20140506,1.215,1.239,1.239,1.215,31,162411.SZ
20140507,1.247,1.242,1.247,1.242,15,162411.SZ
20140508,1.235,1.237,1.237,1.235,247,162411.SZ
20140509,1.23,1.233,1.234,1.23,198,162411.SZ
20140512,1.232,1.259,1.259,1.231,79,162411.SZ
20140513,1.258,1.202,1.258,1.2,163,162411.SZ
20140519,1.1,1.1,1.1,1.1,1,162411.SZ
20140520,1.198,1.2,1.2,1.198,101,162411.SZ
20140521,1.212,1.257,1.26,1.212,248,162411.SZ
20140522,1.297,1.265,1.297,1.22,162,162411.SZ
20140523,1.265,1.263,1.265,1.139,30,162411.SZ
20140526,1.177,1.235,1.235,1.177,9,162411.SZ
20140527,1.235,1.235,1.235,1.235,1,162411.SZ
20140528,1.229,1.191,1.229,1.191,22,162411.SZ
20140529,1.194,1.194,1.194,1.194,14,162411.SZ
20140530,1.22,1.22,1.22,1.22,92,162411.SZ
20140604,1.232,1.232,1.232,1.232,9,162411.SZ
20140606,1.232,1.232,1.232,1.232,229,162411.SZ
20140609,1.279,1.279,1.279,1.279,78,162411.SZ
20140610,1.279,1.25,1.279,1.25,16,162411.SZ
20140611,1.277,1.277,1.277,1.277,12,162411.SZ
20140613,1.3,1.28,1.3,1.28,129,162411.SZ
20140616,1.299,1.3,1.3,1.299,181,162411.SZ
20140617,1.31,1.31,1.31,1.31,374,162411.SZ
20140618,1.185,1.29,1.31,1.185,352,162411.SZ
20140619,1.29,1.3,1.309,1.28,19,162411.SZ
20140620,1.31,1.34,1.34,1.31,547,162411.SZ
20140623,1.47,1.4,1.47,1.276,611,162411.SZ
20140624,1.341,1.35,1.353,1.341,176,162411.SZ
20140625,1.31,1.37,1.37,1.31,18,162411.SZ
20140626,1.237,1.341,1.342,1.237,379,162411.SZ
20140627,1.3,1.387,1.398,1.3,29,162411.SZ
20140630,1.33,1.34,1.35,1.33,180,162411.SZ
20140701,1.399,1.38,1.399,1.301,85,162411.SZ
20140702,1.308,1.379,1.379,1.308,18,162411.SZ
20140703,1.34,1.34,1.35,1.34,363,162411.SZ
20140704,1.34,1.34,1.34,1.34,9,162411.SZ
20140707,1.356,1.356,1.356,1.356,2,162411.SZ
20140708,1.35,1.345,1.35,1.345,35,162411.SZ
20140709,1.262,1.301,1.345,1.262,128,162411.SZ
20140710,1.3,1.34,1.34,1.3,29,162411.SZ
20140711,1.345,1.34,1.345,1.34,20,162411.SZ
20140715,1.379,1.34,1.379,1.3,327,162411.SZ
20140716,1.292,1.297,1.338,1.292,154,162411.SZ
20140717,1.26,1.265,1.332,1.26,83,162411.SZ
20140718,1.267,1.275,1.298,1.267,140,162411.SZ
20140721,1.32,1.32,1.32,1.32,4,162411.SZ
20140722,1.25,1.25,1.25,1.188,1843,162411.SZ
20140723,1.24,1.366,1.374,1.24,1907,162411.SZ
20140724,1.349,1.349,1.349,1.349,40,162411.SZ
20140725,1.25,1.286,1.29,1.22,1977,162411.SZ
20140728,1.273,1.288,1.31,1.273,915,162411.SZ
20140729,1.256,1.292,1.416,1.256,3188,162411.SZ
20140730,1.288,1.288,1.288,1.288,40,162411.SZ
20140731,1.27,1.29,1.29,1.267,1857,162411.SZ
20140801,1.291,1.266,1.291,1.266,1412,162411.SZ
20140805,1.26,1.262,1.262,1.26,100,162411.SZ
20140806,1.251,1.252,1.28,1.251,51,162411.SZ
20140807,1.251,1.251,1.251,1.251,99,162411.SZ
20140808,1.223,1.235,1.24,1.223,41,162411.SZ
20140811,1.348,1.228,1.348,1.171,88,162411.SZ
20140812,1.23,1.26,1.26,1.23,91,162411.SZ
20140813,1.26,1.28,1.28,1.26,49,162411.SZ
20140814,1.23,1.233,1.244,1.23,257,162411.SZ
20140815,1.25,1.248,1.259,1.248,183,162411.SZ
20140818,1.248,1.248,1.248,1.248,1,162411.SZ
20140819,1.199,1.22,1.22,1.199,58,162411.SZ
20140820,1.249,1.23,1.249,1.23,48,162411.SZ
20140821,1.22,1.22,1.22,1.22,40,162411.SZ
20140822,1.22,1.232,1.234,1.191,257,162411.SZ
20140825,1.234,1.236,1.296,1.202,126,162411.SZ
20140826,1.214,1.259,1.284,1.214,20,162411.SZ
20140827,1.259,1.24,1.278,1.24,118,162411.SZ
20140828,1.26,1.245,1.26,1.245,42,162411.SZ
20140829,1.244,1.26,1.26,1.22,475,162411.SZ
20140901,1.236,1.236,1.236,1.236,7,162411.SZ
20140902,1.25,1.27,1.27,1.25,45,162411.SZ
20140903,1.25,1.25,1.25,1.25,76,162411.SZ
20140904,1.282,1.278,1.285,1.278,68,162411.SZ
20140905,1.221,1.257,1.348,1.221,158,162411.SZ
20140909,1.256,1.294,1.3,1.256,482,162411.SZ
20140910,1.29,1.256,1.29,1.256,156,162411.SZ
20140911,1.201,1.279,1.347,1.2,319,162411.SZ
20140912,1.221,1.241,1.277,1.221,212,162411.SZ
20140915,1.266,1.232,1.298,1.227,107,162411.SZ
20140916,1.231,1.216,1.232,1.2,2657,162411.SZ
20140917,1.2,1.2,1.2,1.12,1642,162411.SZ
20140918,1.191,1.201,1.201,1.182,252,162411.SZ
20140919,1.189,1.189,1.189,1.188,288,162411.SZ
20140922,1.267,1.2,1.267,1.164,653,162411.SZ
20140923,1.166,1.14,1.189,1.122,260,162411.SZ
20140924,1.14,1.137,1.157,1.128,227,162411.SZ
20140925,1.13,1.143,1.143,1.13,361,162411.SZ
20140926,1.158,1.155,1.158,1.155,58,162411.SZ
20140929,1.155,1.132,1.218,1.126,329,162411.SZ
20140930,1.128,1.16,1.16,1.128,265,162411.SZ
20141008,1.145,1.14,1.145,1.126,139,162411.SZ
20141009,1.16,1.145,1.197,1.145,302,162411.SZ
20141010,1.126,1.191,1.198,1.031,707,162411.SZ
20141013,1.092,1.14,1.148,1.092,591,162411.SZ
20141014,1.069,1.149,1.149,1.069,1312,162411.SZ
20141015,1.043,1.076,1.09,1.043,2296,162411.SZ
20141016,1.08,1.057,1.082,1.057,2176,162411.SZ
20141017,0.951,0.951,0.96,0.951,9859,162411.SZ
20141020,0.947,0.949,0.952,0.938,9307,162411.SZ
20141021,0.944,0.939,0.95,0.933,3609,162411.SZ
20141022,0.949,0.96,0.962,0.948,10088,162411.SZ
20141023,0.95,0.941,0.95,0.937,7365,162411.SZ
20141024,0.946,0.943,0.946,0.942,3976,162411.SZ
20141027,0.942,0.937,0.943,0.937,876,162411.SZ
20141028,0.932,0.939,0.939,0.924,4682,162411.SZ
20141029,0.94,0.943,0.945,0.938,5143,162411.SZ
20141030,0.947,0.951,0.954,0.947,2473,162411.SZ
20141031,0.94,0.952,0.953,0.935,2828,162411.SZ
20141103,0.953,0.969,0.975,0.952,2602,162411.SZ
20141104,0.964,0.96,0.964,0.94,1648,162411.SZ
20141105,0.942,0.948,0.949,0.938,6160,162411.SZ
20141106,0.954,0.949,0.955,0.948,1315,162411.SZ
20141107,0.949,0.953,0.953,0.949,817,162411.SZ
20141110,0.963,0.98,0.985,0.963,4736,162411.SZ
20141111,0.975,0.975,0.98,0.97,2402,162411.SZ
20141112,0.963,0.975,0.975,0.963,514,162411.SZ
20141113,0.97,0.97,0.979,0.97,702,162411.SZ
20141114,0.968,0.96,0.968,0.95,2023,162411.SZ
20141117,0.969,0.966,0.97,0.963,736,162411.SZ
20141118,0.965,0.968,0.968,0.96,1088,162411.SZ
20141119,0.968,0.952,0.968,0.952,683,162411.SZ
20141120,0.954,0.954,0.954,0.954,282,162411.SZ
20141121,0.973,0.979,0.98,0.957,1511,162411.SZ
20141124,0.98,0.984,0.984,0.966,445,162411.SZ
20141125,0.984,0.968,0.984,0.968,1307,162411.SZ
20141126,0.97,0.98,0.985,0.969,742,162411.SZ
20141127,0.979,0.963,0.979,0.963,3762,162411.SZ
20141128,0.963,0.951,0.965,0.951,4513,162411.SZ
20141201,0.95,0.95,0.96,0.937,1883,162411.SZ
20141202,0.949,0.947,0.963,0.942,2838,162411.SZ
20141203,0.942,0.948,0.962,0.937,2343,162411.SZ
20141204,0.933,0.958,0.959,0.891,9848,162411.SZ
20141205,0.949,0.947,0.95,0.91,7366,162411.SZ
20141208,0.904,0.917,0.92,0.852,14429,162411.SZ
20141209,0.881,0.9,0.91,0.86,11694,162411.SZ
20141210,0.861,0.89,0.896,0.861,6374,162411.SZ
20141211,0.801,0.849,0.86,0.801,13899,162411.SZ
20141212,0.779,0.788,0.815,0.772,24539,162411.SZ
20141215,0.745,0.77,0.777,0.745,28653,162411.SZ
20141216,0.75,0.77,0.775,0.75,32806,162411.SZ
20141217,0.757,0.763,0.769,0.757,34524,162411.SZ
20141218,0.766,0.839,0.839,0.765,83497,162411.SZ
20141219,0.809,0.898,0.916,0.8,124331,162411.SZ
20141222,0.873,0.851,0.898,0.828,95374,162411.SZ
20141223,0.78,0.78,0.799,0.766,188185,162411.SZ
20141224,0.787,0.792,0.807,0.783,153900,162411.SZ
20141225,0.781,0.782,0.789,0.771,132117,162411.SZ
20141226,0.782,0.785,0.788,0.777,80245,162411.SZ
20141229,0.785,0.793,0.8,0.782,128836,162411.SZ
20141230,0.79,0.785,0.79,0.778,47693,162411.SZ
20141231,0.794,0.788,0.794,0.782,54993,162411.SZ
20150105,0.786,0.785,0.787,0.775,114208,162411.SZ
20150106,0.773,0.782,0.783,0.765,101700,162411.SZ
20150107,0.767,0.778,0.778,0.765,110898,162411.SZ
20150108,0.778,0.838,0.848,0.774,326912,162411.SZ
20150109,0.81,0.817,0.842,0.801,252609,162411.SZ
20150112,0.751,0.765,0.778,0.751,497525,162411.SZ
20150113,0.721,0.721,0.724,0.715,785634,162411.SZ
20150114,0.721,0.717,0.726,0.714,775258,162411.SZ
20150115,0.734,0.727,0.749,0.723,968577,162411.SZ
20150116,0.715,0.748,0.749,0.71,1420971,162411.SZ
20150119,0.768,0.77,0.802,0.751,5080689,162411.SZ
20150120,0.74,0.748,0.761,0.739,4116126,162411.SZ
20150121,0.721,0.727,0.729,0.72,6192374,162411.SZ
20150122,0.735,0.79,0.8,0.735,14026812,162411.SZ
20150123,0.75,0.731,0.782,0.728,24470734,162411.SZ
20150126,0.741,0.737,0.75,0.733,9939284,162411.SZ
20150127,0.742,0.733,0.744,0.727,6064082,162411.SZ
20150128,0.741,0.743,0.748,0.735,5955304,162411.SZ
20150129,0.728,0.729,0.735,0.725,3364284,162411.SZ
20150130,0.73,0.721,0.733,0.718,3946145,162411.SZ
20150202,0.748,0.734,0.752,0.733,7141309,162411.SZ
20150203,0.754,0.749,0.76,0.746,7605755,162411.SZ
20150204,0.774,0.773,0.792,0.764,13889684,162411.SZ
20150205,0.748,0.745,0.754,0.744,5817971,162411.SZ
20150206,0.761,0.766,0.772,0.76,7298712,162411.SZ
20150209,0.775,0.766,0.776,0.763,4596637,162411.SZ
20150210,0.768,0.763,0.769,0.76,2981730,162411.SZ
20150211,0.752,0.754,0.755,0.75,1856096,162411.SZ
20150212,0.752,0.756,0.757,0.751,2079122,162411.SZ
20150213,0.772,0.775,0.775,0.767,3755127,162411.SZ
20150216,0.788,0.786,0.789,0.785,3167575,162411.SZ
20150217,0.79,0.807,0.808,0.789,4078806,162411.SZ
20150225,0.78,0.773,0.78,0.768,3846588,162411.SZ
20150226,0.784,0.786,0.79,0.783,2986369,162411.SZ
20150227,0.774,0.779,0.78,0.772,3340265,162411.SZ
20150302,0.775,0.778,0.778,0.773,2622537,162411.SZ
20150303,0.774,0.775,0.776,0.771,2325825,162411.SZ
20150304,0.774,0.772,0.776,0.772,1485064,162411.SZ
20150305,0.774,0.77,0.776,0.768,2074961,162411.SZ
20150306,0.769,0.762,0.769,0.762,1752863,162411.SZ
20150309,0.75,0.747,0.751,0.742,2357638,162411.SZ
20150310,0.744,0.742,0.745,0.741,1660011,162411.SZ
20150311,0.727,0.729,0.733,0.726,2407957,162411.SZ
20150312,0.731,0.729,0.733,0.726,1618051,162411.SZ
20150313,0.727,0.732,0.732,0.725,1317818,162411.SZ
20150316,0.725,0.736,0.738,0.724,3127259,162411.SZ
20150317,0.735,0.742,0.746,0.733,4205705,162411.SZ
20150318,0.738,0.743,0.745,0.738,2837982,162411.SZ
20150319,0.76,0.751,0.76,0.749,3385034,162411.SZ
20150320,0.743,0.744,0.746,0.742,4077487,162411.SZ
20150323,0.743,0.744,0.745,0.741,4028212,162411.SZ
20150324,0.746,0.743,0.746,0.741,2811912,162411.SZ
20150325,0.741,0.734,0.741,0.734,3847381,162411.SZ
20150326,0.741,0.763,0.77,0.738,13646112,162411.SZ
20150327,0.766,0.764,0.78,0.761,9502191,162411.SZ
20150330,0.749,0.75,0.755,0.747,7664692,162411.SZ
20150331,0.749,0.749,0.751,0.747,4649784,162411.SZ
20150401,0.747,0.746,0.748,0.744,4019669,162411.SZ
20150402,0.755,0.753,0.757,0.75,4620108,162411.SZ
20150403,0.754,0.752,0.754,0.75,3257044,162411.SZ
20150407,0.771,0.771,0.775,0.768,7108669,162411.SZ
20150408,0.776,0.778,0.782,0.776,5241005,162411.SZ
20150409,0.766,0.767,0.767,0.762,4186229,162411.SZ
20150410,0.769,0.769,0.773,0.764,5914863,162411.SZ
20150413,0.777,0.774,0.779,0.773,3817625,162411.SZ
20150414,0.774,0.77,0.774,0.767,3441933,162411.SZ
20150415,0.783,0.784,0.786,0.78,6819544,162411.SZ
20150416,0.809,0.814,0.82,0.806,6966708,162411.SZ
20150417,0.818,0.822,0.827,0.816,4935245,162411.SZ
20150420,0.82,0.828,0.842,0.815,5929444,162411.SZ
20150421,0.828,0.825,0.832,0.821,2695521,162411.SZ
20150422,0.814,0.809,0.815,0.807,4148508,162411.SZ
20150423,0.808,0.811,0.815,0.806,2521824,162411.SZ
20150424,0.824,0.821,0.826,0.818,2980420,162411.SZ
20150427,0.816,0.819,0.826,0.814,3535841,162411.SZ
20150428,0.816,0.803,0.816,0.801,2502437,162411.SZ
20150429,0.805,0.806,0.807,0.799,1796711,162411.SZ
20150430,0.819,0.817,0.821,0.814,2180339,162411.SZ
20150504,0.819,0.813,0.819,0.813,1310206,162411.SZ
20150505,0.811,0.802,0.811,0.8,1452767,162411.SZ
20150506,0.808,0.807,0.812,0.802,3140644,162411.SZ
20150507,0.796,0.78,0.796,0.777,2905515,162411.SZ
20150508,0.772,0.769,0.773,0.764,2794661,162411.SZ
20150511,0.775,0.78,0.78,0.773,1678508,162411.SZ
20150512,0.775,0.777,0.777,0.773,2016458,162411.SZ
20150513,0.78,0.778,0.783,0.778,1808795,162411.SZ
20150514,0.774,0.774,0.775,0.772,1241400,162411.SZ
20150515,0.769,0.768,0.769,0.765,1598918,162411.SZ
20150518,0.765,0.764,0.766,0.761,1762520,162411.SZ
20150519,0.763,0.759,0.763,0.758,2100106,162411.SZ
20150520,0.746,0.745,0.746,0.743,2926788,162411.SZ
20150521,0.745,0.745,0.746,0.742,1424792,162411.SZ
20150522,0.753,0.757,0.758,0.752,2370265,162411.SZ
20150525,0.753,0.758,0.759,0.752,2574348,162411.SZ
20150526,0.758,0.758,0.759,0.754,2484454,162411.SZ
20150527,0.752,0.753,0.753,0.749,1932964,162411.SZ
20150528,0.751,0.739,0.752,0.738,2434166,162411.SZ
20150529,0.74,0.733,0.742,0.726,2070082,162411.SZ
20150601,0.739,0.741,0.741,0.735,2394538,162411.SZ
20150602,0.74,0.736,0.74,0.733,1938055,162411.SZ
20150603,0.74,0.738,0.741,0.736,2409015,162411.SZ
20150604,0.735,0.732,0.735,0.728,2729064,162411.SZ
20150605,0.728,0.737,0.737,0.726,4282250,162411.SZ
20150608,0.737,0.738,0.739,0.735,3007080,162411.SZ
20150609,0.737,0.739,0.742,0.735,2496727,162411.SZ
20150610,0.743,0.742,0.744,0.739,3051944,162411.SZ
20150611,0.745,0.743,0.746,0.743,1996992,162411.SZ
20150612,0.741,0.74,0.741,0.738,2131343,162411.SZ
20150615,0.731,0.73,0.735,0.73,1638045,162411.SZ
20150616,0.731,0.725,0.731,0.723,1769037,162411.SZ
20150617,0.728,0.728,0.729,0.725,1578518,162411.SZ
20150618,0.725,0.716,0.725,0.716,2162425,162411.SZ
20150619,0.717,0.71,0.718,0.705,2200154,162411.SZ
20150623,0.712,0.712,0.713,0.706,1459667,162411.SZ
20150624,0.723,0.727,0.728,0.722,1937862,162411.SZ
20150625,0.722,0.724,0.726,0.721,1155026,162411.SZ
20150626,0.721,0.712,0.721,0.709,1711542,162411.SZ
20150629,0.71,0.703,0.71,0.698,2033432,162411.SZ
20150630,0.689,0.691,0.691,0.678,2174953,162411.SZ
20150701,0.693,0.687,0.694,0.684,1060154,162411.SZ
20150702,0.671,0.663,0.674,0.658,2208296,162411.SZ
20150703,0.659,0.656,0.659,0.653,1813773,162411.SZ
20150706,0.654,0.64,0.658,0.633,2237417,162411.SZ
20150707,0.633,0.624,0.633,0.619,2835217,162411.SZ
20150708,0.634,0.63,0.635,0.623,2258898,162411.SZ
20150709,0.621,0.647,0.661,0.618,3829667,162411.SZ
20150710,0.649,0.663,0.675,0.646,4898396,162411.SZ
20150713,0.656,0.652,0.66,0.651,2614382,162411.SZ
20150714,0.653,0.653,0.657,0.652,1472110,162411.SZ
20150715,0.665,0.67,0.672,0.665,2072497,162411.SZ
20150716,0.652,0.658,0.66,0.649,894075,162411.SZ
20150717,0.652,0.66,0.66,0.652,998839,162411.SZ
20150720,0.65,0.654,0.656,0.65,936791,162411.SZ
20150721,0.645,0.639,0.645,0.638,981415,162411.SZ
20150722,0.633,0.635,0.636,0.629,681090,162411.SZ
20150723,0.628,0.631,0.632,0.624,1100300,162411.SZ
20150724,0.626,0.621,0.627,0.621,1382523,162411.SZ
20150727,0.606,0.589,0.607,0.589,2232610,162411.SZ
20150728,0.574,0.564,0.574,0.559,2456708,162411.SZ
20150729,0.582,0.584,0.585,0.58,1818998,162411.SZ
20150730,0.599,0.597,0.603,0.597,1810424,162411.SZ
20150731,0.591,0.592,0.597,0.59,718696,162411.SZ
20150803,0.582,0.581,0.583,0.579,716674,162411.SZ
20150804,0.569,0.579,0.581,0.567,880610,162411.SZ
20150805,0.579,0.583,0.584,0.579,607058,162411.SZ
20150806,0.575,0.569,0.58,0.569,1288952,162411.SZ
20150807,0.582,0.581,0.585,0.579,977388,162411.SZ
20150810,0.575,0.583,0.584,0.574,1684694,162411.SZ
20150811,0.601,0.605,0.608,0.598,2940788,162411.SZ
20150812,0.604,0.615,0.62,0.604,2310707,162411.SZ
20150813,0.631,0.631,0.635,0.626,2277451,162411.SZ
20150814,0.625,0.622,0.627,0.62,1226194,162411.SZ
20150817,0.621,0.622,0.623,0.619,914100,162411.SZ
20150818,0.622,0.617,0.622,0.616,891312,162411.SZ
20150819,0.619,0.622,0.624,0.618,990260,162411.SZ
20150820,0.608,0.61,0.612,0.603,809793,162411.SZ
20150821,0.6,0.592,0.601,0.592,791160,162411.SZ
20150824,0.574,0.553,0.574,0.551,1589080,162411.SZ
20150825,0.536,0.533,0.547,0.532,1295095,162411.SZ
20150826,0.538,0.539,0.545,0.535,1525979,162411.SZ
20150827,0.545,0.547,0.547,0.541,1168752,162411.SZ
20150828,0.58,0.578,0.585,0.574,2000087,162411.SZ
20150831,0.586,0.58,0.586,0.578,1405588,162411.SZ
20150901,0.597,0.596,0.598,0.591,1498091,162411.SZ
20150902,0.57,0.573,0.574,0.568,1327957,162411.SZ
20150907,0.571,0.573,0.573,0.569,702580,162411.SZ
20150908,0.569,0.571,0.573,0.568,420743,162411.SZ
20150909,0.58,0.581,0.585,0.577,1155476,162411.SZ
20150910,0.57,0.569,0.573,0.567,1007188,162411.SZ
20150911,0.573,0.574,0.577,0.573,759144,162411.SZ
20150914,0.569,0.567,0.574,0.567,451703,162411.SZ
20150915,0.558,0.556,0.561,0.556,543877,162411.SZ
20150916,0.562,0.565,0.565,0.56,496085,162411.SZ
20150917,0.584,0.579,0.586,0.579,918962,162411.SZ
20150918,0.579,0.578,0.58,0.577,337210,162411.SZ
20150921,0.567,0.574,0.574,0.565,735717,162411.SZ
20150922,0.574,0.575,0.576,0.573,417911,162411.SZ
20150923,0.569,0.569,0.571,0.567,361577,162411.SZ
20150924,0.557,0.561,0.562,0.556,808675,162411.SZ
20150925,0.561,0.56,0.562,0.557,314722,162411.SZ
20150928,0.557,0.555,0.558,0.553,387338,162411.SZ
20150929,0.531,0.533,0.538,0.529,1738922,162411.SZ
20150930,0.533,0.535,0.536,0.533,814408,162411.SZ
20151008,0.589,0.589,0.589,0.589,873627,162411.SZ
20151009,0.63,0.633,0.634,0.626,4028411,162411.SZ
20151012,0.628,0.626,0.628,0.624,1318260,162411.SZ
20151013,0.607,0.605,0.607,0.604,1298597,162411.SZ
20151014,0.594,0.598,0.599,0.594,810451,162411.SZ
20151015,0.6,0.603,0.603,0.599,571365,162411.SZ
20151016,0.616,0.616,0.616,0.613,747108,162411.SZ
20151019,0.617,0.616,0.618,0.616,484055,162411.SZ
20151020,0.604,0.604,0.604,0.601,577913,162411.SZ
20151021,0.605,0.6,0.607,0.6,465008,162411.SZ
20151022,0.591,0.597,0.598,0.591,449934,162411.SZ
20151023,0.598,0.6,0.6,0.596,519270,162411.SZ
20151026,0.598,0.599,0.6,0.597,430453,162411.SZ
20151027,0.591,0.589,0.591,0.587,666550,162411.SZ
20151028,0.578,0.576,0.581,0.576,1127561,162411.SZ
20151029,0.589,0.582,0.589,0.58,914590,162411.SZ
20151030,0.582,0.581,0.582,0.578,522118,162411.SZ
20151102,0.582,0.584,0.584,0.581,1055322,162411.SZ
20151103,0.594,0.596,0.597,0.594,1833312,162411.SZ
20151104,0.611,0.615,0.617,0.611,1133214,162411.SZ
20151105,0.611,0.611,0.612,0.61,699439,162411.SZ
20151106,0.615,0.616,0.619,0.615,611537,162411.SZ
20151109,0.613,0.615,0.615,0.612,478237,162411.SZ
20151110,0.618,0.618,0.619,0.617,416057,162411.SZ
20151111,0.619,0.619,0.621,0.619,233583,162411.SZ
20151112,0.6,0.603,0.604,0.6,747297,162411.SZ
20151113,0.589,0.591,0.592,0.588,773595,162411.SZ
20151116,0.591,0.593,0.593,0.589,390392,162411.SZ
20151117,0.604,0.602,0.606,0.602,611671,162411.SZ
20151118,0.598,0.592,0.598,0.591,670297,162411.SZ
20151119,0.602,0.605,0.605,0.601,870398,162411.SZ
20151120,0.597,0.599,0.599,0.596,537826,162411.SZ
20151123,0.59,0.589,0.591,0.587,860933,162411.SZ
20151124,0.591,0.592,0.592,0.589,442522,162411.SZ
20151125,0.602,0.604,0.604,0.602,821058,162411.SZ
20151126,0.602,0.6,0.602,0.599,550680,162411.SZ
20151127,0.6,0.594,0.6,0.591,552557,162411.SZ
20151130,0.59,0.588,0.591,0.584,474646,162411.SZ
20151201,0.589,0.591,0.592,0.589,360672,162411.SZ
20151202,0.593,0.593,0.594,0.592,329338,162411.SZ
20151203,0.577,0.583,0.584,0.576,1317395,162411.SZ
20151204,0.578,0.579,0.58,0.578,823610,162411.SZ
20151207,0.57,0.571,0.571,0.568,868878,162411.SZ
20151208,0.545,0.552,0.553,0.543,1919633,162411.SZ
20151209,0.548,0.547,0.549,0.544,1570881,162411.SZ
20151210,0.536,0.532,0.536,0.532,2610431,162411.SZ
20151211,0.526,0.527,0.529,0.525,3376922,162411.SZ
20151214,0.512,0.517,0.517,0.511,2889974,162411.SZ
20151215,0.514,0.513,0.515,0.511,3007727,162411.SZ
20151216,0.516,0.521,0.522,0.514,2891550,162411.SZ
20151217,0.513,0.514,0.516,0.511,4330624,162411.SZ
20151218,0.5,0.499,0.501,0.498,5731749,162411.SZ
20151221,0.49,0.493,0.494,0.489,4200049,162411.SZ
20151222,0.486,0.482,0.486,0.481,6506957,162411.SZ
20151223,0.482,0.482,0.483,0.48,4280733,162411.SZ
20151224,0.502,0.5,0.503,0.499,8115934,162411.SZ
20151225,0.5,0.5,0.502,0.499,3263465,162411.SZ
20151228,0.5,0.497,0.501,0.495,2774630,162411.SZ
20151229,0.487,0.489,0.489,0.485,2582237,162411.SZ
20151230,0.492,0.49,0.493,0.49,2021717,162411.SZ
20151231,0.484,0.487,0.487,0.484,1496202,162411.SZ
20160104,0.495,0.494,0.5,0.494,2962743,162411.SZ
20160105,0.491,0.492,0.495,0.49,2417549,162411.SZ
20160106,0.492,0.494,0.494,0.491,2261198,162411.SZ
20160107,0.472,0.472,0.474,0.471,1958753,162411.SZ
20160108,0.469,0.478,0.478,0.468,4385122,162411.SZ
20160111,0.472,0.466,0.472,0.463,3164666,162411.SZ
20160112,0.455,0.451,0.456,0.45,3205567,162411.SZ
20160113,0.45,0.453,0.455,0.45,2267238,162411.SZ
20160114,0.442,0.448,0.448,0.441,2436687,162411.SZ
20160115,0.446,0.442,0.448,0.441,2266577,162411.SZ
20160118,0.431,0.437,0.438,0.431,2336061,162411.SZ
20160119,0.436,0.444,0.448,0.435,2457967,162411.SZ
20160120,0.435,0.432,0.437,0.431,3980277,162411.SZ
20160121,0.433,0.435,0.444,0.433,4089866,162411.SZ
20160122,0.445,0.45,0.451,0.436,4710962,162411.SZ
20160125,0.46,0.458,0.464,0.454,4763562,162411.SZ
20160126,0.447,0.433,0.447,0.432,3229901,162411.SZ
20160127,0.441,0.447,0.449,0.437,3567913,162411.SZ
20160128,0.452,0.442,0.453,0.442,3063525,162411.SZ
20160129,0.45,0.456,0.459,0.45,2608167,162411.SZ
20160201,0.462,0.463,0.472,0.459,4124822,162411.SZ
20160202,0.458,0.458,0.461,0.457,1851431,162411.SZ
20160203,0.45,0.453,0.455,0.449,1330201,162411.SZ
20160204,0.465,0.469,0.47,0.465,1958477,162411.SZ
20160205,0.468,0.471,0.474,0.466,1873265,162411.SZ
20160215,0.452,0.458,0.46,0.449,3936802,162411.SZ
20160216,0.464,0.467,0.469,0.464,3874654,162411.SZ
20160217,0.461,0.46,0.463,0.457,3180227,162411.SZ
20160218,0.471,0.463,0.473,0.462,3199726,162411.SZ
20160219,0.458,0.46,0.46,0.457,1825617,162411.SZ
20160222,0.46,0.463,0.465,0.459,2896121,162411.SZ
20160223,0.468,0.463,0.469,0.462,2132351,162411.SZ
20160224,0.46,0.459,0.46,0.457,2238766,162411.SZ
20160225,0.458,0.447,0.459,0.443,2086856,162411.SZ
20160226,0.45,0.445,0.451,0.442,2050399,162411.SZ
20160229,0.446,0.437,0.446,0.436,1630590,162411.SZ
20160301,0.439,0.447,0.447,0.438,1326175,162411.SZ
20160302,0.45,0.454,0.454,0.448,1785261,162411.SZ
20160303,0.458,0.455,0.459,0.454,1698140,162411.SZ
20160304,0.462,0.472,0.472,0.462,4548133,162411.SZ
20160307,0.486,0.493,0.494,0.486,4489152,162411.SZ
20160308,0.507,0.495,0.509,0.494,4593370,162411.SZ
20160309,0.476,0.476,0.478,0.473,3611292,162411.SZ
20160310,0.489,0.48,0.491,0.479,1852252,162411.SZ
20160311,0.481,0.491,0.494,0.481,2438997,162411.SZ
20160314,0.493,0.49,0.494,0.489,2574328,162411.SZ
20160315,0.486,0.477,0.486,0.477,1901507,162411.SZ
20160316,0.48,0.481,0.483,0.478,1248544,162411.SZ
20160317,0.499,0.495,0.501,0.494,2888193,162411.SZ
20160318,0.501,0.503,0.504,0.499,3396508,162411.SZ
20160321,0.5,0.499,0.501,0.494,2182006,162411.SZ
20160322,0.501,0.499,0.502,0.497,1470640,162411.SZ
20160323,0.498,0.496,0.499,0.495,1360588,162411.SZ
20160324,0.483,0.478,0.485,0.478,2942567,162411.SZ
20160325,0.48,0.482,0.483,0.48,1012098,162411.SZ
20160328,0.485,0.486,0.487,0.484,1035748,162411.SZ
20160329,0.484,0.478,0.484,0.477,1469059,162411.SZ
20160330,0.485,0.486,0.488,0.484,1670408,162411.SZ
20160331,0.485,0.481,0.485,0.48,1392735,162411.SZ
20160401,0.487,0.488,0.488,0.485,2126399,162411.SZ
20160405,0.475,0.479,0.48,0.474,2183226,162411.SZ
20160406,0.481,0.481,0.483,0.479,1538402,162411.SZ
20160407,0.49,0.487,0.492,0.487,1444235,162411.SZ
20160408,0.49,0.49,0.491,0.488,1192834,162411.SZ
20160411,0.505,0.502,0.506,0.502,3396538,162411.SZ
20160412,0.505,0.506,0.506,0.503,1560777,162411.SZ
20160413,0.532,0.528,0.536,0.528,4111039,162411.SZ
20160414,0.529,0.531,0.533,0.529,1288065,162411.SZ
20160415,0.533,0.536,0.536,0.533,1436239,162411.SZ
20160418,0.512,0.511,0.514,0.511,2097593,162411.SZ
20160419,0.535,0.536,0.537,0.533,2815774,162411.SZ
20160420,0.544,0.54,0.545,0.536,2431246,162411.SZ
20160421,0.553,0.561,0.563,0.553,3174795,162411.SZ
20160422,0.554,0.554,0.558,0.553,893541,162411.SZ
20160425,0.568,0.569,0.57,0.565,1616762,162411.SZ
20160426,0.567,0.562,0.569,0.562,1416820,162411.SZ
20160427,0.578,0.58,0.581,0.577,2179574,162411.SZ
20160428,0.595,0.596,0.596,0.594,1872880,162411.SZ
20160429,0.586,0.597,0.599,0.585,2419306,162411.SZ
20160503,0.585,0.585,0.587,0.583,1615376,162411.SZ
20160504,0.562,0.563,0.566,0.561,1975516,162411.SZ
20160505,0.554,0.556,0.556,0.553,2802253,162411.SZ
20160506,0.556,0.543,0.556,0.542,2669749,162411.SZ
20160509,0.546,0.546,0.55,0.545,2343475,162411.SZ
20160510,0.534,0.53,0.534,0.528,2356922,162411.SZ
20160511,0.548,0.55,0.551,0.548,2057041,162411.SZ
20160512,0.556,0.559,0.561,0.556,2064264,162411.SZ
20160513,0.558,0.554,0.558,0.553,1439600,162411.SZ
20160516,0.549,0.553,0.554,0.548,1634112,162411.SZ
20160517,0.562,0.564,0.565,0.559,1784367,162411.SZ
20160518,0.568,0.563,0.569,0.562,1979838,162411.SZ
20160519,0.557,0.557,0.558,0.554,1544625,162411.SZ
20160520,0.559,0.559,0.564,0.558,1363400,162411.SZ
20160523,0.561,0.558,0.561,0.557,786687,162411.SZ
20160524,0.561,0.559,0.562,0.559,667299,162411.SZ
20160525,0.568,0.57,0.572,0.567,1293840,162411.SZ
20160526,0.582,0.582,0.584,0.58,1934052,162411.SZ
20160527,0.578,0.576,0.579,0.575,1166064,162411.SZ
20160530,0.577,0.574,0.578,0.574,722586,162411.SZ
20160531,0.576,0.578,0.579,0.574,981876,162411.SZ
20160601,0.581,0.578,0.582,0.576,1373401,162411.SZ
20160602,0.581,0.584,0.585,0.581,1135932,162411.SZ
20160603,0.59,0.59,0.59,0.589,917593,162411.SZ
20160606,0.584,0.584,0.586,0.583,764011,162411.SZ
20160607,0.596,0.597,0.597,0.594,1247545,162411.SZ
20160608,0.612,0.611,0.613,0.61,1406303,162411.SZ
20160613,0.58,0.574,0.58,0.574,2532913,162411.SZ
20160614,0.574,0.575,0.577,0.573,917342,162411.SZ
20160615,0.573,0.576,0.576,0.57,1296536,162411.SZ
20160616,0.575,0.571,0.576,0.57,1978624,162411.SZ
20160617,0.564,0.565,0.567,0.563,2304018,162411.SZ
20160620,0.576,0.579,0.58,0.576,1152283,162411.SZ
20160621,0.584,0.581,0.585,0.58,1119617,162411.SZ
20160622,0.593,0.594,0.596,0.592,1606206,162411.SZ
20160623,0.592,0.588,0.593,0.588,550821,162411.SZ
20160624,0.591,0.574,0.595,0.559,2915583,162411.SZ
20160627,0.572,0.578,0.578,0.569,1156524,162411.SZ
20160628,0.558,0.564,0.566,0.556,2573738,162411.SZ
20160629,0.572,0.572,0.574,0.57,1024545,162411.SZ
20160630,0.582,0.581,0.583,0.579,1104714,162411.SZ
20160701,0.576,0.574,0.577,0.573,1117220,162411.SZ
20160704,0.583,0.585,0.586,0.582,1646880,162411.SZ
20160705,0.582,0.58,0.582,0.579,676852,162411.SZ
20160706,0.57,0.568,0.57,0.564,2063325,162411.SZ
20160707,0.575,0.57,0.575,0.569,1008520,162411.SZ
20160708,0.562,0.564,0.566,0.562,1218915,162411.SZ
20160711,0.568,0.568,0.571,0.567,1817445,162411.SZ
20160712,0.569,0.575,0.577,0.569,1906090,162411.SZ
20160713,0.589,0.59,0.592,0.589,2149636,162411.SZ
20160714,0.586,0.587,0.589,0.583,744446,162411.SZ
20160715,0.585,0.583,0.585,0.582,1183593,162411.SZ
20160718,0.581,0.585,0.586,0.581,829781,162411.SZ
20160719,0.583,0.583,0.583,0.581,382340,162411.SZ
20160720,0.58,0.579,0.581,0.579,265295,162411.SZ
20160721,0.581,0.585,0.585,0.58,714116,162411.SZ
20160722,0.574,0.574,0.577,0.573,949188,162411.SZ
20160725,0.573,0.572,0.574,0.572,309874,162411.SZ
20160726,0.563,0.566,0.567,0.563,1040704,162411.SZ
20160727,0.567,0.564,0.568,0.561,1180870,162411.SZ
20160728,0.56,0.56,0.562,0.558,873459,162411.SZ
20160729,0.559,0.557,0.559,0.556,600973,162411.SZ
20160801,0.566,0.569,0.571,0.565,1312558,162411.SZ
20160802,0.551,0.552,0.553,0.55,1875212,162411.SZ
20160803,0.551,0.551,0.555,0.551,735770,162411.SZ
20160804,0.569,0.563,0.569,0.563,2913080,162411.SZ
20160805,0.57,0.567,0.572,0.566,1151572,162411.SZ
20160808,0.577,0.578,0.579,0.575,1336624,162411.SZ
20160809,0.589,0.586,0.59,0.586,1276768,162411.SZ
20160810,0.584,0.579,0.584,0.579,653796,162411.SZ
20160811,0.573,0.576,0.577,0.573,410699,162411.SZ
20160812,0.589,0.592,0.595,0.589,1632048,162411.SZ
20160815,0.594,0.594,0.596,0.593,675167,162411.SZ
20160816,0.603,0.599,0.604,0.598,1231679,162411.SZ
20160817,0.602,0.602,0.602,0.6,708436,162411.SZ
20160818,0.603,0.605,0.605,0.602,524302,162411.SZ
20160819,0.619,0.621,0.622,0.617,1513768,162411.SZ
20160822,0.618,0.614,0.618,0.612,640781,162411.SZ
20160823,0.606,0.602,0.606,0.601,900466,162411.SZ
20160824,0.614,0.615,0.616,0.614,875368,162411.SZ
20160825,0.61,0.614,0.614,0.61,343476,162411.SZ
20160826,0.617,0.612,0.617,0.609,204315,162411.SZ
20160829,0.613,0.614,0.615,0.613,229237,162411.SZ
20160830,0.621,0.621,0.623,0.621,686657,162411.SZ
20160831,0.62,0.622,0.622,0.62,204559,162411.SZ
20160901,0.615,0.612,0.615,0.611,294490,162411.SZ
20160902,0.608,0.609,0.611,0.608,261917,162411.SZ
20160905,0.619,0.619,0.62,0.616,618374,162411.SZ
20160906,0.625,0.63,0.63,0.625,612744,162411.SZ
20160907,0.629,0.626,0.629,0.624,681604,162411.SZ
20160908,0.638,0.639,0.639,0.636,674700,162411.SZ
20160909,0.644,0.645,0.648,0.644,351810,162411.SZ
20160912,0.626,0.617,0.626,0.616,972639,162411.SZ
20160913,0.63,0.632,0.635,0.63,501759,162411.SZ
20160914,0.619,0.617,0.619,0.614,704953,162411.SZ
20160919,0.611,0.615,0.617,0.61,678640,162411.SZ
20160920,0.608,0.609,0.611,0.606,682290,162411.SZ
20160921,0.609,0.613,0.62,0.608,849921,162411.SZ
20160922,0.619,0.613,0.619,0.612,735588,162411.SZ
20160923,0.615,0.612,0.615,0.61,423525,162411.SZ
20160926,0.602,0.603,0.604,0.601,628569,162411.SZ
20160927,0.603,0.603,0.604,0.601,450565,162411.SZ
20160928,0.596,0.593,0.596,0.59,923297,162411.SZ
20160929,0.619,0.623,0.624,0.619,1643101,162411.SZ
20160930,0.627,0.622,0.627,0.622,672671,162411.SZ
20161010,0.634,0.633,0.635,0.63,757824,162411.SZ
20161011,0.648,0.648,0.649,0.647,589912,162411.SZ
20161012,0.643,0.644,0.644,0.641,344758,162411.SZ
20161013,0.637,0.632,0.637,0.632,629245,162411.SZ
20161014,0.635,0.638,0.638,0.634,284797,162411.SZ
20161017,0.633,0.628,0.633,0.626,309459,162411.SZ
20161018,0.625,0.629,0.629,0.625,248616,162411.SZ
20161019,0.633,0.629,0.633,0.625,1076953,162411.SZ
20161020,0.634,0.634,0.636,0.633,609880,162411.SZ
20161021,0.634,0.634,0.635,0.632,956146,162411.SZ
20161024,0.633,0.633,0.634,0.632,343929,162411.SZ
20161025,0.63,0.627,0.63,0.626,1099122,162411.SZ
20161026,0.617,0.613,0.617,0.612,1111408,162411.SZ
20161027,0.615,0.616,0.618,0.615,463722,162411.SZ
20161028,0.618,0.619,0.623,0.618,275033,162411.SZ
20161031,0.612,0.613,0.613,0.608,940379,162411.SZ
20161101,0.603,0.612,0.612,0.602,894098,162411.SZ
20161102,0.606,0.607,0.61,0.604,859883,162411.SZ
20161103,0.601,0.608,0.608,0.599,831264,162411.SZ
20161104,0.603,0.604,0.605,0.602,960398,162411.SZ
20161107,0.599,0.606,0.606,0.596,1528330,162411.SZ
20161108,0.604,0.6,0.605,0.6,1600521,162411.SZ
20161109,0.602,0.588,0.602,0.585,2121103,162411.SZ
20161110,0.614,0.617,0.617,0.61,3335505,162411.SZ
20161111,0.615,0.618,0.619,0.615,996321,162411.SZ
20161114,0.614,0.614,0.615,0.612,812570,162411.SZ
20161115,0.622,0.625,0.626,0.621,952296,162411.SZ
20161116,0.645,0.646,0.648,0.641,2074890,162411.SZ
20161117,0.643,0.646,0.648,0.643,1007883,162411.SZ
20161118,0.646,0.647,0.65,0.645,959162,162411.SZ
20161121,0.654,0.66,0.66,0.654,1150420,162411.SZ
20161122,0.681,0.682,0.684,0.68,1388568,162411.SZ
20161123,0.681,0.676,0.682,0.675,1155713,162411.SZ
20161124,0.684,0.683,0.684,0.681,705204,162411.SZ
20161125,0.681,0.677,0.683,0.674,1811199,162411.SZ
20161128,0.666,0.666,0.674,0.663,1502988,162411.SZ
20161129,0.662,0.653,0.662,0.651,1070139,162411.SZ
20161130,0.646,0.651,0.651,0.645,529845,162411.SZ
20161201,0.705,0.708,0.712,0.698,3023643,162411.SZ
20161202,0.708,0.708,0.709,0.703,1018978,162411.SZ
20161205,0.705,0.704,0.707,0.702,511970,162411.SZ
20161206,0.714,0.717,0.718,0.713,594809,162411.SZ
20161207,0.717,0.716,0.718,0.715,498747,162411.SZ
20161208,0.721,0.722,0.724,0.721,479856,162411.SZ
20161209,0.732,0.74,0.74,0.732,753292,162411.SZ
20161212,0.762,0.77,0.775,0.762,1453120,162411.SZ
20161213,0.74,0.738,0.742,0.735,794419,162411.SZ
20161214,0.737,0.732,0.74,0.731,489689,162411.SZ
20161215,0.717,0.72,0.72,0.71,627434,162411.SZ
20161216,0.718,0.717,0.722,0.717,514228,162411.SZ
20161219,0.727,0.727,0.733,0.727,585914,162411.SZ
20161220,0.725,0.722,0.725,0.719,498567,162411.SZ
20161221,0.724,0.727,0.729,0.724,348051,162411.SZ
20161222,0.721,0.719,0.722,0.717,280336,162411.SZ
20161223,0.72,0.723,0.723,0.72,288315,162411.SZ
20161226,0.724,0.728,0.73,0.723,265317,162411.SZ
20161227,0.727,0.727,0.728,0.725,198232,162411.SZ
20161228,0.731,0.742,0.745,0.731,1053856,162411.SZ
20161229,0.732,0.725,0.737,0.722,800243,162411.SZ
20161230,0.724,0.725,0.727,0.721,230843,162411.SZ
20170103,0.723,0.725,0.725,0.722,167123,162411.SZ
20170104,0.724,0.722,0.725,0.72,345609,162411.SZ
20170105,0.724,0.721,0.727,0.721,244907,162411.SZ
20170106,0.722,0.718,0.723,0.718,322120,162411.SZ
20170109,0.718,0.716,0.718,0.714,267555,162411.SZ
20170110,0.703,0.702,0.704,0.7,463727,162411.SZ
20170111,0.7,0.698,0.7,0.697,322726,162411.SZ
20170112,0.705,0.702,0.708,0.701,305253,162411.SZ
20170113,0.701,0.702,0.702,0.699,172759,162411.SZ
20170116,0.698,0.695,0.7,0.688,256810,162411.SZ
20170117,0.692,0.693,0.698,0.691,214131,162411.SZ
20170118,0.699,0.697,0.7,0.693,624557,162411.SZ
20170119,0.694,0.699,0.7,0.694,302828,162411.SZ
20170120,0.7,0.701,0.701,0.696,206952,162411.SZ
20170123,0.703,0.704,0.707,0.702,331436,162411.SZ
20170124,0.702,0.697,0.702,0.695,274083,162411.SZ
20170125,0.701,0.7,0.702,0.699,220067,162411.SZ
20170126,0.708,0.71,0.71,0.705,373101,162411.SZ
20170203,0.691,0.692,0.694,0.69,782465,162411.SZ
20170206,0.695,0.699,0.701,0.694,606250,162411.SZ
20170207,0.691,0.692,0.694,0.689,580555,162411.SZ
20170208,0.676,0.674,0.676,0.671,1211333,162411.SZ
20170209,0.675,0.677,0.677,0.674,539563,162411.SZ
20170210,0.682,0.681,0.683,0.679,645050,162411.SZ
20170213,0.685,0.685,0.687,0.684,503205,162411.SZ
20170214,0.683,0.684,0.685,0.681,365382,162411.SZ
20170215,0.686,0.685,0.688,0.685,292689,162411.SZ
20170216,0.685,0.686,0.686,0.683,209687,162411.SZ
20170217,0.68,0.678,0.68,0.677,506466,162411.SZ
20170220,0.673,0.678,0.678,0.673,404801,162411.SZ
20170221,0.678,0.678,0.68,0.677,348939,162411.SZ
20170222,0.68,0.686,0.686,0.679,898255,162411.SZ
20170223,0.672,0.675,0.675,0.671,1083191,162411.SZ
20170224,0.675,0.674,0.675,0.673,803436,162411.SZ
20170227,0.664,0.665,0.668,0.662,978231,162411.SZ
20170228,0.66,0.655,0.66,0.653,1509118,162411.SZ
20170301,0.65,0.65,0.65,0.648,962956,162411.SZ
20170302,0.66,0.659,0.661,0.658,1327413,162411.SZ
20170303,0.65,0.65,0.652,0.649,682673,162411.SZ
20170306,0.65,0.647,0.651,0.645,1034016,162411.SZ
20170307,0.65,0.65,0.65,0.648,421073,162411.SZ
20170308,0.643,0.643,0.646,0.642,759216,162411.SZ
20170309,0.623,0.626,0.627,0.623,1593722,162411.SZ
20170310,0.626,0.628,0.63,0.625,535438,162411.SZ
20170313,0.624,0.628,0.628,0.623,993537,162411.SZ
20170314,0.628,0.623,0.628,0.623,605732,162411.SZ
20170315,0.622,0.624,0.624,0.62,706835,162411.SZ
20170316,0.633,0.632,0.634,0.631,1091055,162411.SZ
20170317,0.63,0.63,0.632,0.629,429317,162411.SZ
20170320,0.629,0.626,0.629,0.624,378838,162411.SZ
20170321,0.626,0.63,0.631,0.626,426418,162411.SZ
20170322,0.619,0.617,0.619,0.615,1077475,162411.SZ
20170323,0.612,0.616,0.617,0.612,877539,162411.SZ
20170324,0.613,0.613,0.614,0.609,937695,162411.SZ
20170327,0.611,0.607,0.613,0.607,1163258,162411.SZ
20170328,0.609,0.61,0.611,0.608,849704,162411.SZ
20170329,0.621,0.625,0.625,0.62,1129593,162411.SZ
20170330,0.638,0.634,0.639,0.634,1539237,162411.SZ
20170331,0.633,0.632,0.635,0.628,1580759,162411.SZ
20170405,0.642,0.646,0.646,0.64,1636266,162411.SZ
20170406,0.634,0.635,0.635,0.633,1138048,162411.SZ
20170407,0.642,0.645,0.649,0.641,2120927,162411.SZ
20170410,0.642,0.638,0.643,0.636,1161682,162411.SZ
20170411,0.647,0.644,0.647,0.642,902973,162411.SZ
20170412,0.646,0.647,0.648,0.646,1055423,162411.SZ
20170413,0.637,0.638,0.638,0.635,750379,162411.SZ
20170414,0.625,0.622,0.626,0.621,1084371,162411.SZ
20170417,0.623,0.617,0.623,0.616,620687,162411.SZ
20170418,0.62,0.621,0.622,0.619,534334,162411.SZ
20170419,0.613,0.613,0.614,0.611,749573,162411.SZ
20170420,0.601,0.604,0.604,0.599,1267539,162411.SZ
20170421,0.603,0.605,0.606,0.603,403812,162411.SZ
20170424,0.606,0.604,0.607,0.603,284163,162411.SZ
20170425,0.605,0.608,0.609,0.605,311454,162411.SZ
20170426,0.613,0.616,0.616,0.612,582676,162411.SZ
20170427,0.614,0.613,0.615,0.611,344671,162411.SZ
20170428,0.606,0.61,0.611,0.606,832523,162411.SZ
20170502,0.603,0.602,0.605,0.602,555872,162411.SZ
20170503,0.601,0.6,0.601,0.599,568105,162411.SZ
20170504,0.599,0.6,0.601,0.598,475809,162411.SZ
20170505,0.582,0.58,0.586,0.576,2206089,162411.SZ
20170508,0.598,0.594,0.598,0.594,1314014,162411.SZ
20170509,0.602,0.601,0.603,0.599,858665,162411.SZ
20170510,0.598,0.597,0.599,0.596,358386,162411.SZ
20170511,0.608,0.609,0.611,0.607,918612,162411.SZ
20170512,0.608,0.608,0.609,0.607,406800,162411.SZ
20170515,0.606,0.613,0.613,0.605,900466,162411.SZ
20170516,0.612,0.609,0.612,0.607,804769,162411.SZ
20170517,0.6,0.6,0.603,0.599,1018794,162411.SZ
20170518,0.59,0.594,0.595,0.59,627795,162411.SZ
20170519,0.596,0.597,0.598,0.594,340519,162411.SZ
20170522,0.605,0.606,0.608,0.604,591367,162411.SZ
20170523,0.602,0.598,0.604,0.597,411577,162411.SZ
20170524,0.601,0.599,0.601,0.597,349948,162411.SZ
20170525,0.595,0.599,0.599,0.595,288347,162411.SZ
20170526,0.585,0.587,0.588,0.584,1315422,162411.SZ
20170531,0.576,0.576,0.578,0.575,1250969,162411.SZ
20170601,0.571,0.574,0.575,0.571,539434,162411.SZ
20170602,0.572,0.573,0.574,0.571,454235,162411.SZ
20170605,0.566,0.572,0.574,0.566,1093875,162411.SZ
20170606,0.566,0.567,0.57,0.565,959993,162411.SZ
20170607,0.568,0.568,0.569,0.567,771619,162411.SZ
20170608,0.557,0.559,0.559,0.556,1314861,162411.SZ
20170609,0.555,0.554,0.556,0.553,1218868,162411.SZ
20170612,0.558,0.556,0.558,0.555,858629,162411.SZ
20170613,0.556,0.559,0.559,0.556,810116,162411.SZ
20170614,0.564,0.562,0.565,0.562,1111775,162411.SZ
20170615,0.552,0.552,0.553,0.551,1295366,162411.SZ
20170616,0.547,0.547,0.548,0.545,1354276,162411.SZ
20170619,0.546,0.546,0.548,0.545,1108721,162411.SZ
20170620,0.544,0.545,0.546,0.544,805636,162411.SZ
20170621,0.539,0.54,0.541,0.539,1114868,162411.SZ
20170622,0.532,0.531,0.533,0.531,1365638,162411.SZ
20170623,0.528,0.527,0.529,0.527,901206,162411.SZ
20170626,0.531,0.536,0.536,0.53,1205801,162411.SZ
20170627,0.535,0.535,0.536,0.533,822082,162411.SZ
20170628,0.533,0.535,0.537,0.532,1058626,162411.SZ
20170629,0.536,0.538,0.538,0.536,763023,162411.SZ
20170630,0.538,0.539,0.54,0.538,753898,162411.SZ
20170703,0.542,0.542,0.543,0.541,625314,162411.SZ
20170704,0.549,0.548,0.549,0.547,1146064,162411.SZ
20170705,0.55,0.55,0.55,0.549,513489,162411.SZ
20170706,0.54,0.541,0.541,0.538,1523019,162411.SZ
20170707,0.53,0.53,0.532,0.529,1861932,162411.SZ
20170710,0.528,0.53,0.53,0.527,848444,162411.SZ
20170711,0.532,0.533,0.534,0.531,640029,162411.SZ
20170712,0.537,0.539,0.541,0.537,834065,162411.SZ
20170713,0.537,0.535,0.537,0.535,554424,162411.SZ
20170714,0.538,0.538,0.539,0.537,460583,162411.SZ
20170717,0.541,0.541,0.542,0.538,1025221,162411.SZ
20170718,0.538,0.537,0.539,0.537,534443,162411.SZ
20170719,0.535,0.534,0.535,0.533,567733,162411.SZ
20170720,0.545,0.546,0.547,0.545,1184371,162411.SZ
20170721,0.54,0.542,0.542,0.539,553660,162411.SZ
20170724,0.537,0.538,0.538,0.536,548873,162411.SZ
20170725,0.538,0.542,0.543,0.538,1049189,162411.SZ
20170726,0.552,0.55,0.555,0.55,1292024,162411.SZ
20170727,0.549,0.547,0.549,0.547,374530,162411.SZ
20170728,0.551,0.546,0.552,0.546,912137,162411.SZ
20170731,0.548,0.551,0.551,0.547,733886,162411.SZ
20170801,0.549,0.548,0.55,0.548,641390,162411.SZ
20170802,0.544,0.54,0.544,0.54,758102,162411.SZ
20170803,0.535,0.536,0.536,0.534,962940,162411.SZ
20170804,0.523,0.526,0.527,0.522,2260560,162411.SZ
20170807,0.529,0.532,0.532,0.527,769023,162411.SZ
20170808,0.527,0.528,0.529,0.527,627422,162411.SZ
20170809,0.526,0.525,0.526,0.523,885668,162411.SZ
20170810,0.525,0.524,0.525,0.521,1040232,162411.SZ
20170811,0.516,0.514,0.519,0.513,1765729,162411.SZ
20170814,0.514,0.512,0.514,0.511,890301,162411.SZ
20170815,0.507,0.512,0.512,0.506,1134754,162411.SZ
20170816,0.508,0.513,0.514,0.508,980919,162411.SZ
20170817,0.507,0.505,0.511,0.503,3243256,162411.SZ
20170818,0.5,0.501,0.502,0.499,1435352,162411.SZ
20170821,0.502,0.502,0.505,0.5,1405846,162411.SZ
20170822,0.497,0.497,0.498,0.496,1158074,162411.SZ
20170823,0.497,0.495,0.497,0.495,846561,162411.SZ
20170824,0.498,0.497,0.498,0.496,735255,162411.SZ
20170825,0.497,0.498,0.5,0.496,826844,162411.SZ
20170828,0.498,0.499,0.501,0.497,1512424,162411.SZ
20170829,0.496,0.499,0.5,0.496,1103565,162411.SZ
20170830,0.498,0.5,0.5,0.497,794565,162411.SZ
20170831,0.499,0.498,0.5,0.498,537912,162411.SZ
20170901,0.502,0.499,0.503,0.499,1076076,162411.SZ
20170904,0.502,0.503,0.503,0.501,853415,162411.SZ
20170905,0.503,0.502,0.504,0.502,710538,162411.SZ
20170906,0.502,0.5,0.503,0.499,1345208,162411.SZ
20170907,0.503,0.503,0.504,0.502,791853,162411.SZ
20170908,0.501,0.5,0.501,0.5,652056,162411.SZ
20170911,0.494,0.494,0.495,0.492,1177097,162411.SZ
20170912,0.495,0.495,0.496,0.494,516809,162411.SZ
20170913,0.502,0.501,0.503,0.5,1318522,162411.SZ
20170914,0.512,0.511,0.513,0.51,1989722,162411.SZ
20170915,0.515,0.515,0.52,0.514,1411309,162411.SZ
20170918,0.517,0.518,0.518,0.516,647094,162411.SZ
20170919,0.521,0.52,0.522,0.519,734624,162411.SZ
20170920,0.522,0.522,0.523,0.521,973423,162411.SZ
20170921,0.533,0.534,0.535,0.532,2007017,162411.SZ
20170922,0.536,0.536,0.536,0.534,1055802,162411.SZ
20170925,0.539,0.535,0.54,0.534,1613092,162411.SZ
20170926,0.552,0.553,0.553,0.55,2229922,162411.SZ
20170927,0.556,0.56,0.56,0.556,1447128,162411.SZ
20170928,0.562,0.559,0.563,0.558,943321,162411.SZ
20170929,0.559,0.56,0.56,0.558,729693,162411.SZ
20171009,0.553,0.55,0.553,0.547,1865915,162411.SZ
20171010,0.552,0.553,0.554,0.551,851044,162411.SZ
20171011,0.553,0.555,0.558,0.551,1230621,162411.SZ
20171012,0.555,0.554,0.556,0.554,331029,162411.SZ
20171013,0.551,0.55,0.552,0.549,618915,162411.SZ
20171016,0.551,0.551,0.553,0.551,463590,162411.SZ
20171017,0.552,0.55,0.552,0.55,307366,162411.SZ
20171018,0.55,0.551,0.552,0.55,270658,162411.SZ
20171019,0.55,0.547,0.55,0.546,603069,162411.SZ
20171020,0.544,0.544,0.544,0.542,622973,162411.SZ
20171023,0.546,0.549,0.549,0.546,285733,162411.SZ
20171024,0.538,0.539,0.54,0.537,579631,162411.SZ
20171025,0.54,0.539,0.54,0.538,291047,162411.SZ
20171026,0.536,0.535,0.536,0.534,404200,162411.SZ
20171027,0.538,0.539,0.539,0.537,506782,162411.SZ
20171030,0.55,0.551,0.552,0.549,883977,162411.SZ
20171031,0.555,0.553,0.556,0.553,860183,162411.SZ
20171101,0.563,0.566,0.566,0.562,1058122,162411.SZ
20171102,0.577,0.575,0.579,0.574,1114267,162411.SZ
20171103,0.572,0.57,0.573,0.57,528931,162411.SZ
20171106,0.578,0.579,0.58,0.578,763482,162411.SZ
20171107,0.601,0.6,0.601,0.598,1178303,162411.SZ
20171108,0.597,0.597,0.598,0.596,792804,162411.SZ
20171109,0.589,0.59,0.591,0.588,816185,162411.SZ
20171110,0.598,0.599,0.599,0.598,493808,162411.SZ
20171113,0.598,0.598,0.599,0.597,353616,162411.SZ
20171114,0.59,0.585,0.591,0.585,631282,162411.SZ
20171115,0.569,0.563,0.569,0.563,1144346,162411.SZ
20171116,0.562,0.564,0.564,0.56,509572,162411.SZ
20171117,0.565,0.563,0.565,0.562,338483,162411.SZ
20171120,0.572,0.573,0.573,0.57,882589,162411.SZ
20171121,0.568,0.568,0.569,0.567,374275,162411.SZ
20171122,0.571,0.576,0.576,0.571,604483,162411.SZ
20171123,0.579,0.576,0.58,0.575,595422,162411.SZ
20171124,0.578,0.58,0.581,0.577,422902,162411.SZ
20171127,0.579,0.571,0.579,0.57,427217,162411.SZ
20171128,0.562,0.56,0.563,0.557,721599,162411.SZ
20171129,0.564,0.568,0.571,0.564,458558,162411.SZ
20171130,0.569,0.568,0.57,0.567,278906,162411.SZ
20171201,0.581,0.58,0.581,0.578,1017322,162411.SZ
20171204,0.591,0.589,0.592,0.588,884746,162411.SZ
20171205,0.586,0.584,0.586,0.583,462080,162411.SZ
20171206,0.581,0.581,0.582,0.58,355513,162411.SZ
20171207,0.569,0.568,0.572,0.567,594006,162411.SZ
20171208,0.57,0.571,0.572,0.569,259967,162411.SZ
20171211,0.576,0.577,0.577,0.575,332201,162411.SZ
20171212,0.583,0.587,0.587,0.582,672380,162411.SZ
20171213,0.578,0.576,0.578,0.575,369486,162411.SZ
20171214,0.57,0.57,0.571,0.569,300922,162411.SZ
20171215,0.566,0.568,0.569,0.566,262395,162411.SZ
20171218,0.563,0.563,0.564,0.56,569172,162411.SZ
20171219,0.569,0.568,0.569,0.567,455674,162411.SZ
20171220,0.569,0.57,0.57,0.569,219071,162411.SZ
20171221,0.581,0.578,0.581,0.577,607317,162411.SZ
20171222,0.594,0.592,0.594,0.59,1586566,162411.SZ
20171225,0.595,0.591,0.595,0.59,822385,162411.SZ
20171226,0.592,0.591,0.592,0.59,652645,162411.SZ
20171227,0.604,0.602,0.605,0.601,1145564,162411.SZ
20171228,0.599,0.598,0.6,0.597,506108,162411.SZ
20171229,0.603,0.608,0.608,0.602,721214,162411.SZ
20180102,0.597,0.604,0.604,0.597,444996,162411.SZ
20180103,0.611,0.612,0.613,0.61,557765,162411.SZ
20180104,0.616,0.619,0.62,0.615,726688,162411.SZ
20180105,0.62,0.618,0.621,0.617,480527,162411.SZ
20180108,0.616,0.615,0.62,0.615,431971,162411.SZ
20180109,0.62,0.622,0.622,0.62,323894,162411.SZ
20180110,0.624,0.625,0.628,0.623,359889,162411.SZ
20180111,0.621,0.619,0.622,0.617,404584,162411.SZ
20180112,0.629,0.627,0.63,0.627,476481,162411.SZ
20180115,0.631,0.63,0.633,0.63,397963,162411.SZ
20180116,0.631,0.629,0.632,0.629,266877,162411.SZ
20180117,0.621,0.615,0.621,0.615,493330,162411.SZ
20180118,0.622,0.622,0.623,0.621,369281,162411.SZ
20180119,0.615,0.609,0.615,0.609,560114,162411.SZ
20180122,0.61,0.61,0.611,0.609,271867,162411.SZ
20180123,0.623,0.626,0.627,0.623,529377,162411.SZ
20180124,0.626,0.625,0.626,0.623,267416,162411.SZ
20180125,0.624,0.628,0.628,0.622,542187,162411.SZ
20180126,0.614,0.617,0.618,0.613,272582,162411.SZ
20180129,0.616,0.615,0.618,0.615,209941,162411.SZ
20180130,0.603,0.602,0.605,0.601,292680,162411.SZ
20180131,0.585,0.584,0.585,0.582,532155,162411.SZ
20180201,0.582,0.577,0.583,0.574,492469,162411.SZ
20180202,0.58,0.58,0.581,0.577,393107,162411.SZ
20180205,0.558,0.56,0.56,0.555,880094,162411.SZ
20180206,0.543,0.536,0.544,0.536,663571,162411.SZ
20180207,0.543,0.548,0.556,0.542,757540,162411.SZ
20180208,0.534,0.532,0.534,0.528,774963,162411.SZ
20180209,0.511,0.508,0.512,0.507,1085124,162411.SZ
20180212,0.509,0.514,0.516,0.508,513274,162411.SZ
20180213,0.521,0.525,0.526,0.52,527495,162411.SZ
20180214,0.519,0.522,0.522,0.519,410424,162411.SZ
20180222,0.523,0.524,0.526,0.522,500972,162411.SZ
20180223,0.534,0.537,0.537,0.531,561318,162411.SZ
20180226,0.546,0.547,0.548,0.545,438181,162411.SZ
20180227,0.548,0.543,0.549,0.541,326981,162411.SZ
20180228,0.534,0.535,0.535,0.53,300063,162411.SZ
20180301,0.524,0.526,0.527,0.523,593667,162411.SZ
20180302,0.526,0.526,0.526,0.523,364725,162411.SZ
20180305,0.535,0.535,0.537,0.534,279423,162411.SZ
20180306,0.544,0.545,0.545,0.544,386543,162411.SZ
20180307,0.539,0.535,0.539,0.535,414338,162411.SZ
20180308,0.532,0.535,0.537,0.532,237973,162411.SZ
20180309,0.536,0.537,0.538,0.535,293846,162411.SZ
20180312,0.544,0.544,0.547,0.544,402235,162411.SZ
20180313,0.544,0.542,0.544,0.542,270242,162411.SZ
20180314,0.542,0.541,0.542,0.54,182481,162411.SZ
20180315,0.54,0.543,0.543,0.54,202911,162411.SZ
20180316,0.536,0.537,0.537,0.535,209092,162411.SZ
20180319,0.54,0.539,0.541,0.539,136030,162411.SZ
20180320,0.531,0.533,0.533,0.53,326528,162411.SZ
20180321,0.537,0.538,0.539,0.536,265575,162411.SZ
20180322,0.555,0.552,0.556,0.551,841096,162411.SZ
20180323,0.546,0.546,0.55,0.545,1083581,162411.SZ
20180326,0.547,0.539,0.547,0.537,1255835,162411.SZ
20180327,0.547,0.546,0.549,0.543,829446,162411.SZ
20180328,0.535,0.535,0.536,0.53,523249,162411.SZ
20180329,0.535,0.535,0.535,0.531,558128,162411.SZ
20180330,0.545,0.544,0.546,0.542,597388,162411.SZ
20180402,0.545,0.546,0.548,0.544,405747,162411.SZ
20180403,0.534,0.535,0.535,0.533,434707,162411.SZ
20180404,0.538,0.536,0.538,0.535,381462,162411.SZ
20180409,0.536,0.542,0.542,0.536,654074,162411.SZ
20180410,0.543,0.548,0.548,0.54,580140,162411.SZ
20180411,0.558,0.555,0.56,0.554,1079566,162411.SZ
20180412,0.567,0.568,0.568,0.564,1176472,162411.SZ
20180413,0.566,0.567,0.567,0.565,311244,162411.SZ
20180416,0.573,0.571,0.574,0.57,841768,162411.SZ
20180417,0.577,0.577,0.579,0.576,665313,162411.SZ
20180418,0.582,0.586,0.586,0.582,638638,162411.SZ
20180419,0.599,0.598,0.6,0.597,593585,162411.SZ
20180420,0.598,0.597,0.6,0.595,539211,162411.SZ
20180423,0.597,0.595,0.598,0.594,382464,162411.SZ
20180424,0.602,0.607,0.609,0.601,556030,162411.SZ
20180425,0.599,0.591,0.599,0.588,1018023,162411.SZ
20180426,0.603,0.603,0.605,0.602,565867,162411.SZ
20180427,0.611,0.612,0.612,0.61,410233,162411.SZ
20180502,0.607,0.611,0.611,0.606,717657,162411.SZ
20180503,0.616,0.617,0.618,0.615,513271,162411.SZ
20180504,0.608,0.606,0.609,0.606,375944,162411.SZ
20180507,0.617,0.62,0.621,0.616,542272,162411.SZ
20180508,0.62,0.622,0.622,0.619,434142,162411.SZ
20180509,0.635,0.639,0.639,0.635,883057,162411.SZ
20180510,0.65,0.647,0.655,0.646,970364,162411.SZ
20180511,0.649,0.646,0.649,0.644,570450,162411.SZ
20180514,0.643,0.639,0.643,0.639,434427,162411.SZ
20180515,0.646,0.648,0.651,0.646,442547,162411.SZ
20180516,0.651,0.652,0.654,0.651,307542,162411.SZ
20180517,0.658,0.658,0.659,0.657,309670,162411.SZ
20180518,0.676,0.678,0.679,0.676,689629,162411.SZ
20180521,0.678,0.677,0.682,0.677,780041,162411.SZ
20180522,0.687,0.692,0.694,0.687,667840,162411.SZ
20180523,0.676,0.67,0.676,0.669,505942,162411.SZ
20180524,0.665,0.664,0.667,0.662,598980,162411.SZ
20180525,0.658,0.655,0.659,0.655,489713,162411.SZ
20180528,0.637,0.629,0.637,0.627,892511,162411.SZ
20180529,0.629,0.631,0.635,0.629,422760,162411.SZ
20180530,0.639,0.643,0.644,0.638,599754,162411.SZ
20180531,0.663,0.661,0.664,0.66,726415,162411.SZ
20180601,0.661,0.663,0.663,0.66,317548,162411.SZ
20180604,0.662,0.662,0.664,0.66,353175,162411.SZ
20180605,0.647,0.651,0.652,0.647,349573,162411.SZ
20180606,0.651,0.652,0.652,0.648,339936,162411.SZ
20180607,0.65,0.648,0.65,0.647,172471,162411.SZ
20180608,0.661,0.66,0.662,0.659,281464,162411.SZ
20180611,0.657,0.658,0.659,0.657,133327,162411.SZ
20180612,0.663,0.666,0.666,0.663,174837,162411.SZ
20180613,0.662,0.66,0.662,0.659,116027,162411.SZ
20180614,0.66,0.66,0.662,0.659,98070,162411.SZ
20180615,0.655,0.654,0.656,0.653,155713,162411.SZ
20180619,0.648,0.638,0.648,0.637,707651,162411.SZ
20180620,0.655,0.658,0.658,0.654,397945,162411.SZ
20180621,0.67,0.668,0.671,0.668,430102,162411.SZ
20180622,0.656,0.662,0.663,0.656,248674,162411.SZ
20180625,0.675,0.673,0.675,0.671,341627,162411.SZ
20180626,0.66,0.668,0.668,0.66,209657,162411.SZ
20180627,0.679,0.685,0.686,0.679,406999,162411.SZ
20180628,0.694,0.69,0.697,0.689,528167,162411.SZ
20180629,0.691,0.69,0.695,0.689,597642,162411.SZ
20180702,0.695,0.688,0.695,0.688,285191,162411.SZ
20180703,0.69,0.697,0.699,0.69,380721,162411.SZ
20180704,0.697,0.692,0.699,0.692,217784,162411.SZ
20180705,0.69,0.688,0.692,0.687,229560,162411.SZ
20180706,0.694,0.693,0.695,0.688,304940,162411.SZ
20180709,0.701,0.71,0.71,0.701,260472,162411.SZ
20180710,0.721,0.724,0.726,0.72,353463,162411.SZ
20180711,0.716,0.718,0.72,0.713,186807,162411.SZ
20180712,0.703,0.708,0.71,0.703,477875,162411.SZ
20180713,0.705,0.703,0.707,0.703,165451,162411.SZ
20180716,0.706,0.706,0.707,0.704,124384,162411.SZ
20180717,0.693,0.692,0.695,0.69,229758,162411.SZ
20180718,0.694,0.694,0.696,0.693,182137,162411.SZ
20180719,0.697,0.699,0.7,0.696,195649,162411.SZ
20180720,0.706,0.711,0.711,0.706,200948,162411.SZ
20180723,0.708,0.703,0.708,0.702,211037,162411.SZ
20180724,0.706,0.705,0.708,0.702,413839,162411.SZ
20180725,0.712,0.711,0.713,0.71,237325,162411.SZ
20180726,0.716,0.714,0.716,0.712,236463,162411.SZ
20180727,0.717,0.718,0.72,0.717,159208,162411.SZ
20180730,0.707,0.708,0.709,0.705,186607,162411.SZ
20180731,0.717,0.716,0.719,0.715,294712,162411.SZ
20180801,0.714,0.714,0.716,0.712,284816,162411.SZ
20180802,0.71,0.709,0.71,0.706,177790,162411.SZ
20180803,0.71,0.716,0.716,0.71,164923,162411.SZ
20180806,0.707,0.708,0.711,0.706,237995,162411.SZ
20180807,0.71,0.718,0.718,0.709,266176,162411.SZ
20180808,0.713,0.71,0.714,0.708,349926,162411.SZ
20180809,0.701,0.7,0.701,0.697,276317,162411.SZ
20180810,0.694,0.692,0.694,0.691,220816,162411.SZ
20180813,0.697,0.701,0.701,0.697,232121,162411.SZ
20180814,0.689,0.69,0.691,0.687,278316,162411.SZ
20180815,0.69,0.69,0.691,0.689,121483,162411.SZ
20180816,0.663,0.666,0.669,0.663,306810,162411.SZ
20180817,0.671,0.668,0.671,0.667,126184,162411.SZ
20180820,0.671,0.668,0.671,0.665,267317,162411.SZ
20180821,0.675,0.677,0.677,0.674,181342,162411.SZ
20180822,0.685,0.686,0.687,0.685,90207,162411.SZ
20180823,0.697,0.696,0.7,0.695,184961,162411.SZ
20180824,0.697,0.703,0.703,0.697,170751,162411.SZ
20180827,0.704,0.702,0.705,0.702,247300,162411.SZ
20180828,0.705,0.703,0.705,0.702,115258,162411.SZ
20180829,0.7,0.698,0.7,0.697,109350,162411.SZ
20180830,0.705,0.71,0.71,0.704,144303,162411.SZ
20180831,0.711,0.711,0.715,0.711,162426,162411.SZ
20180903,0.709,0.704,0.709,0.704,94148,162411.SZ
20180904,0.706,0.711,0.711,0.706,94658,162411.SZ
20180905,0.704,0.702,0.706,0.7,101730,162411.SZ
20180906,0.698,0.694,0.698,0.692,117672,162411.SZ
20180907,0.678,0.68,0.681,0.677,263559,162411.SZ
20180910,0.677,0.679,0.68,0.676,105582,162411.SZ
20180911,0.679,0.679,0.68,0.677,84225,162411.SZ
20180912,0.69,0.696,0.697,0.69,249553,162411.SZ
20180913,0.699,0.692,0.7,0.691,147442,162411.SZ
20180914,0.69,0.69,0.692,0.689,70556,162411.SZ
20180917,0.691,0.693,0.694,0.691,67574,162411.SZ
20180918,0.691,0.692,0.692,0.688,96270,162411.SZ
20180919,0.701,0.701,0.702,0.698,175892,162411.SZ
20180920,0.71,0.711,0.713,0.709,205608,162411.SZ
20180921,0.708,0.707,0.708,0.704,155197,162411.SZ
20180925,0.72,0.725,0.726,0.72,476931,162411.SZ
20180926,0.727,0.728,0.728,0.725,189447,162411.SZ
20180927,0.724,0.727,0.727,0.723,265319,162411.SZ
20180928,0.728,0.728,0.729,0.726,128243,162411.SZ
20181008,0.73,0.73,0.738,0.729,253571,162411.SZ
20181009,0.732,0.736,0.737,0.732,208234,162411.SZ
20181010,0.74,0.745,0.745,0.739,202324,162411.SZ
20181011,0.711,0.7,0.712,0.7,482177,162411.SZ
20181012,0.687,0.704,0.707,0.687,339763,162411.SZ
20181015,0.705,0.701,0.709,0.699,143298,162411.SZ
20181016,0.702,0.7,0.707,0.7,117217,162411.SZ
20181017,0.709,0.713,0.714,0.708,185719,162411.SZ
20181018,0.702,0.693,0.702,0.693,349180,162411.SZ
20181019,0.688,0.693,0.693,0.685,283798,162411.SZ
20181022,0.69,0.687,0.69,0.68,480333,162411.SZ
20181023,0.677,0.674,0.678,0.673,331342,162411.SZ
20181024,0.656,0.661,0.661,0.655,387236,162411.SZ
20181025,0.629,0.63,0.63,0.625,504529,162411.SZ
20181026,0.632,0.633,0.633,0.63,194006,162411.SZ
20181029,0.628,0.625,0.632,0.624,183212,162411.SZ
20181030,0.607,0.609,0.609,0.604,606781,162411.SZ
20181031,0.61,0.613,0.614,0.61,331560,162411.SZ
20181101,0.62,0.617,0.622,0.617,327026,162411.SZ
20181102,0.627,0.63,0.631,0.624,353214,162411.SZ
20181105,0.621,0.62,0.622,0.615,279366,162411.SZ
20181106,0.634,0.64,0.645,0.632,436496,162411.SZ
20181107,0.634,0.632,0.634,0.629,294995,162411.SZ
20181108,0.641,0.643,0.645,0.641,315322,162411.SZ
20181109,0.622,0.627,0.628,0.622,240774,162411.SZ
20181112,0.629,0.633,0.636,0.629,262762,162411.SZ
20181113,0.613,0.616,0.616,0.611,656830,162411.SZ
20181114,0.6,0.599,0.601,0.597,591238,162411.SZ
20181115,0.597,0.602,0.602,0.597,367416,162411.SZ
20181116,0.604,0.606,0.606,0.603,397214,162411.SZ
20181119,0.604,0.606,0.606,0.603,358842,162411.SZ
20181120,0.601,0.595,0.602,0.595,480518,162411.SZ
20181121,0.571,0.577,0.578,0.571,778233,162411.SZ
20181122,0.582,0.581,0.583,0.579,268061,162411.SZ
20181123,0.578,0.573,0.581,0.57,448054,162411.SZ
20181126,0.565,0.564,0.568,0.56,879884,162411.SZ
20181127,0.566,0.566,0.567,0.563,463460,162411.SZ
20181128,0.565,0.572,0.573,0.565,516721,162411.SZ
20181129,0.572,0.567,0.574,0.566,395800,162411.SZ
20181130,0.572,0.579,0.582,0.572,602313,162411.SZ
20181203,0.585,0.595,0.596,0.585,953846,162411.SZ
20181204,0.592,0.588,0.592,0.586,867394,162411.SZ
20181205,0.572,0.574,0.575,0.572,616965,162411.SZ
20181206,0.573,0.572,0.578,0.572,346489,162411.SZ
20181207,0.558,0.563,0.57,0.558,463822,162411.SZ
20181210,0.562,0.564,0.568,0.562,445936,162411.SZ
20181211,0.555,0.544,0.555,0.543,1359436,162411.SZ
20181212,0.541,0.54,0.542,0.538,925475,162411.SZ
20181213,0.536,0.536,0.537,0.534,1188984,162411.SZ
20181214,0.533,0.526,0.533,0.526,1456570,162411.SZ
20181217,0.511,0.51,0.513,0.509,1558134,162411.SZ
20181218,0.497,0.497,0.499,0.496,1249988,162411.SZ
20181219,0.485,0.481,0.485,0.481,1906108,162411.SZ
20181220,0.477,0.479,0.479,0.471,1678590,162411.SZ
20181221,0.462,0.466,0.467,0.462,1671694,162411.SZ
20181224,0.457,0.461,0.463,0.456,2123772,162411.SZ
20181225,0.442,0.443,0.445,0.441,2335721,162411.SZ
20181226,0.438,0.436,0.439,0.435,1702600,162411.SZ
20181227,0.458,0.451,0.459,0.45,4180206,162411.SZ
20181228,0.458,0.457,0.459,0.454,1482062,162411.SZ
20190102,0.458,0.447,0.458,0.446,1336887,162411.SZ
20190103,0.457,0.459,0.462,0.456,1514749,162411.SZ
20190104,0.461,0.471,0.472,0.46,1519998,162411.SZ
20190107,0.487,0.491,0.493,0.486,1730916,162411.SZ
20190108,0.503,0.503,0.505,0.5,1704255,162411.SZ
20190109,0.512,0.518,0.518,0.512,1364839,162411.SZ
20190110,0.519,0.513,0.519,0.513,1386131,162411.SZ
20190111,0.518,0.517,0.519,0.515,742848,162411.SZ
20190114,0.513,0.504,0.513,0.502,1276227,162411.SZ
20190115,0.512,0.516,0.517,0.512,1082574,162411.SZ
20190116,0.517,0.518,0.519,0.516,613896,162411.SZ
20190117,0.517,0.516,0.518,0.515,388735,162411.SZ
20190118,0.523,0.526,0.526,0.523,554896,162411.SZ
20190121,0.531,0.534,0.535,0.53,690525,162411.SZ
20190122,0.534,0.528,0.534,0.527,448420,162411.SZ
20190123,0.515,0.517,0.517,0.513,738378,162411.SZ
20190124,0.508,0.506,0.509,0.503,803138,162411.SZ
20190125,0.51,0.514,0.515,0.508,453126,162411.SZ
20190128,0.516,0.512,0.516,0.511,397832,162411.SZ
20190129,0.508,0.507,0.51,0.506,491094,162411.SZ
20190130,0.51,0.51,0.512,0.508,312972,162411.SZ
20190131,0.518,0.519,0.523,0.518,733332,162411.SZ
20190201,0.515,0.516,0.517,0.51,570982,162411.SZ
20190211,0.49,0.491,0.493,0.488,2475951,162411.SZ
20190212,0.494,0.495,0.495,0.492,1017656,162411.SZ
20190213,0.5,0.501,0.502,0.498,759005,162411.SZ
20190214,0.504,0.506,0.506,0.503,883235,162411.SZ
20190215,0.509,0.505,0.51,0.504,927333,162411.SZ
20190218,0.518,0.52,0.521,0.516,1210966,162411.SZ
20190219,0.518,0.52,0.521,0.516,874138,162411.SZ
20190220,0.517,0.515,0.518,0.514,1207251,162411.SZ
20190221,0.519,0.52,0.523,0.518,989051,162411.SZ
20190222,0.511,0.515,0.515,0.51,793802,162411.SZ
20190225,0.513,0.515,0.516,0.512,1335341,162411.SZ
20190226,0.51,0.507,0.51,0.506,1138936,162411.SZ
20190227,0.506,0.507,0.508,0.506,462900,162411.SZ
20190228,0.508,0.507,0.508,0.506,566327,162411.SZ
20190301,0.505,0.506,0.506,0.503,695083,162411.SZ
20190304,0.506,0.507,0.507,0.504,951547,162411.SZ
20190305,0.508,0.507,0.508,0.507,436923,162411.SZ
20190306,0.506,0.505,0.506,0.504,714920,162411.SZ
20190307,0.499,0.498,0.5,0.498,1277758,162411.SZ
20190308,0.494,0.492,0.494,0.491,923521,162411.SZ
20190311,0.483,0.488,0.488,0.481,1713392,162411.SZ
20190312,0.489,0.491,0.492,0.488,1338199,162411.SZ
20190313,0.494,0.497,0.498,0.494,933937,162411.SZ
20190314,0.502,0.501,0.502,0.499,1070540,162411.SZ
20190315,0.501,0.501,0.501,0.499,686872,162411.SZ
20190318,0.498,0.5,0.5,0.497,1030922,162411.SZ
20190319,0.507,0.506,0.508,0.505,1250777,162411.SZ
20190320,0.503,0.502,0.504,0.502,556262,162411.SZ
20190321,0.513,0.511,0.513,0.51,1279459,162411.SZ
20190322,0.518,0.52,0.521,0.517,1320440,162411.SZ
20190325,0.502,0.5,0.503,0.5,1355794,162411.SZ
20190326,0.502,0.503,0.503,0.501,480007,162411.SZ
20190327,0.509,0.511,0.512,0.509,753253,162411.SZ
20190328,0.51,0.51,0.511,0.509,757086,162411.SZ
20190329,0.514,0.513,0.516,0.513,768181,162411.SZ
20190401,0.514,0.52,0.52,0.514,1148022,162411.SZ
20190402,0.524,0.521,0.525,0.52,779538,162411.SZ
20190403,0.52,0.521,0.521,0.518,802252,162411.SZ
20190404,0.511,0.512,0.513,0.509,1130891,162411.SZ
20190408,0.525,0.527,0.528,0.525,1136306,162411.SZ
20190409,0.532,0.53,0.533,0.53,798464,162411.SZ
20190410,0.524,0.524,0.525,0.522,639603,162411.SZ
20190411,0.529,0.527,0.53,0.526,534811,162411.SZ
20190412,0.522,0.524,0.525,0.522,367629,162411.SZ
20190415,0.535,0.533,0.535,0.531,1086642,162411.SZ
20190416,0.531,0.532,0.533,0.531,556888,162411.SZ
20190417,0.535,0.536,0.536,0.534,580399,162411.SZ
20190418,0.533,0.53,0.533,0.53,494071,162411.SZ
20190419,0.528,0.529,0.53,0.527,364169,162411.SZ
20190422,0.532,0.539,0.545,0.532,1303507,162411.SZ
20190423,0.546,0.553,0.555,0.546,1742182,162411.SZ
20190424,0.549,0.546,0.55,0.546,703737,162411.SZ
20190425,0.539,0.543,0.543,0.538,666748,162411.SZ
20190426,0.535,0.533,0.536,0.532,736616,162411.SZ
20190429,0.527,0.519,0.528,0.519,706631,162411.SZ
20190430,0.522,0.526,0.527,0.522,455721,162411.SZ
20190506,0.5,0.499,0.504,0.498,1828808,162411.SZ
20190507,0.504,0.509,0.51,0.503,750348,162411.SZ
20190508,0.503,0.506,0.508,0.502,492498,162411.SZ
20190509,0.505,0.501,0.505,0.5,782012,162411.SZ
20190510,0.504,0.507,0.509,0.5,1109567,162411.SZ
20190513,0.505,0.507,0.507,0.504,494100,162411.SZ
20190514,0.498,0.499,0.501,0.496,1243752,162411.SZ
20190515,0.505,0.504,0.506,0.502,897883,162411.SZ
20190516,0.507,0.509,0.509,0.507,538281,162411.SZ
20190517,0.515,0.52,0.522,0.514,1834425,162411.SZ
20190520,0.518,0.516,0.518,0.513,682873,162411.SZ
20190521,0.51,0.51,0.511,0.509,643290,162411.SZ
20190522,0.513,0.51,0.514,0.509,492422,162411.SZ
20190523,0.5,0.499,0.503,0.499,1142075,162411.SZ
20190524,0.481,0.486,0.488,0.48,1942338,162411.SZ
20190527,0.484,0.49,0.49,0.484,951794,162411.SZ
20190528,0.487,0.486,0.487,0.483,1403453,162411.SZ
20190529,0.471,0.472,0.473,0.47,3420615,162411.SZ
20190530,0.472,0.472,0.474,0.472,1089420,162411.SZ
20190531,0.46,0.461,0.463,0.458,3045388,162411.SZ
20190603,0.453,0.453,0.455,0.452,2416919,162411.SZ
20190604,0.453,0.453,0.455,0.452,1827518,162411.SZ
20190605,0.457,0.455,0.458,0.455,1686588,162411.SZ
20190606,0.447,0.445,0.448,0.444,3189603,162411.SZ
20190610,0.449,0.453,0.454,0.449,1476563,162411.SZ
20190611,0.448,0.451,0.452,0.448,2582119,162411.SZ
20190612,0.45,0.446,0.45,0.446,2428881,162411.SZ
20190613,0.44,0.448,0.449,0.44,3698380,162411.SZ
20190614,0.446,0.445,0.447,0.445,1438203,162411.SZ
20190617,0.441,0.442,0.444,0.44,1665245,162411.SZ
20190618,0.443,0.442,0.443,0.441,1104352,162411.SZ
20190619,0.451,0.45,0.452,0.448,1936806,162411.SZ
20190620,0.449,0.455,0.456,0.447,3265748,162411.SZ
20190621,0.461,0.46,0.464,0.459,3311870,162411.SZ
20190624,0.462,0.462,0.464,0.46,1575910,162411.SZ
20190625,0.458,0.456,0.458,0.453,1947805,162411.SZ
20190626,0.454,0.457,0.458,0.454,1434707,162411.SZ
20190627,0.462,0.46,0.463,0.46,1802433,162411.SZ
20190628,0.461,0.458,0.461,0.458,779459,162411.SZ
20190701,0.467,0.474,0.474,0.466,3384750,162411.SZ
20190702,0.469,0.467,0.469,0.466,1877021,162411.SZ
20190703,0.456,0.455,0.457,0.455,2506972,162411.SZ
20190704,0.456,0.455,0.456,0.454,1005049,162411.SZ
20190705,0.455,0.456,0.457,0.454,1024832,162411.SZ
20190708,0.458,0.458,0.459,0.454,1675373,162411.SZ
20190709,0.455,0.455,0.456,0.454,689581,162411.SZ
20190710,0.457,0.458,0.459,0.456,682740,162411.SZ
20190711,0.465,0.464,0.465,0.462,1315454,162411.SZ
20190712,0.461,0.461,0.462,0.46,734512,162411.SZ
20190715,0.461,0.459,0.462,0.458,969983,162411.SZ
20190716,0.453,0.452,0.454,0.452,2157603,162411.SZ
20190717,0.445,0.447,0.448,0.445,2346869,162411.SZ
20190718,0.442,0.442,0.443,0.441,2853798,162411.SZ
20190719,0.44,0.442,0.444,0.439,2413223,162411.SZ
20190722,0.439,0.438,0.44,0.437,2689772,162411.SZ
20190723,0.432,0.434,0.435,0.432,3211824,162411.SZ
20190724,0.435,0.436,0.436,0.435,2199588,162411.SZ
20190725,0.437,0.435,0.438,0.435,1719918,162411.SZ
20190726,0.429,0.43,0.431,0.428,3469545,162411.SZ
20190729,0.427,0.425,0.428,0.424,3040752,162411.SZ
20190730,0.421,0.422,0.423,0.421,3458493,162411.SZ
20190731,0.431,0.432,0.433,0.43,3427776,162411.SZ
20190801,0.429,0.427,0.429,0.426,2560571,162411.SZ
20190802,0.414,0.414,0.416,0.414,5235133,162411.SZ
20190805,0.411,0.41,0.413,0.409,2937135,162411.SZ
20190806,0.4,0.4,0.4,0.397,4536370,162411.SZ
20190807,0.397,0.397,0.399,0.397,2559119,162411.SZ
20190808,0.399,0.4,0.401,0.399,2119241,162411.SZ
20190809,0.404,0.401,0.404,0.4,1480256,162411.SZ
20190812,0.4,0.402,0.402,0.399,988433,162411.SZ
20190813,0.399,0.397,0.4,0.397,1205437,162411.SZ
20190814,0.399,0.398,0.4,0.397,1196762,162411.SZ
20190815,0.386,0.388,0.39,0.386,3256548,162411.SZ
20190816,0.387,0.388,0.389,0.387,1561935,162411.SZ
20190819,0.391,0.395,0.395,0.39,2176626,162411.SZ
20190820,0.402,0.398,0.403,0.398,2471807,162411.SZ
20190821,0.399,0.397,0.4,0.397,719793,162411.SZ
20190822,0.399,0.397,0.399,0.397,630623,162411.SZ
20190823,0.395,0.396,0.396,0.394,793560,162411.SZ
20190826,0.385,0.383,0.386,0.383,3696839,162411.SZ
20190827,0.385,0.386,0.387,0.385,1637121,162411.SZ
20190828,0.386,0.385,0.387,0.385,1381346,162411.SZ
20190829,0.388,0.387,0.389,0.386,1116341,162411.SZ
20190830,0.395,0.394,0.397,0.393,2044013,162411.SZ
20190902,0.39,0.391,0.392,0.388,2006098,162411.SZ
20190903,0.39,0.391,0.391,0.39,721273,162411.SZ
20190904,0.388,0.39,0.39,0.388,1758944,162411.SZ
20190905,0.393,0.394,0.396,0.392,2192663,162411.SZ
20190906,0.4,0.399,0.401,0.398,2180730,162411.SZ
20190909,0.399,0.401,0.401,0.398,1730441,162411.SZ
20190910,0.416,0.416,0.417,0.414,3911060,162411.SZ
20190911,0.418,0.422,0.422,0.417,2411610,162411.SZ
20190912,0.421,0.42,0.421,0.419,1873552,162411.SZ
20190916,0.449,0.438,0.449,0.436,7411252,162411.SZ
20190917,0.448,0.452,0.452,0.446,10023996,162411.SZ
20190918,0.432,0.429,0.432,0.427,4463272,162411.SZ
20190919,0.427,0.423,0.427,0.423,2050873,162411.SZ
20190920,0.42,0.419,0.423,0.419,1616424,162411.SZ
20190923,0.421,0.421,0.421,0.419,894093,162411.SZ
20190924,0.421,0.418,0.421,0.418,750413,162411.SZ
20190925,0.41,0.407,0.411,0.407,2159290,162411.SZ
20190926,0.409,0.408,0.41,0.408,647841,162411.SZ
20190927,0.404,0.405,0.406,0.403,1424623,162411.SZ
20190930,0.404,0.404,0.404,0.403,757673,162411.SZ
20191008,0.389,0.39,0.393,0.389,3762662,162411.SZ
20191009,0.388,0.386,0.389,0.385,3809314,162411.SZ
20191010,0.385,0.389,0.389,0.384,1381830,162411.SZ
20191011,0.389,0.395,0.4,0.388,3077797,162411.SZ
20191014,0.395,0.396,0.398,0.395,1587159,162411.SZ
20191015,0.392,0.389,0.393,0.389,1452390,162411.SZ
20191016,0.389,0.391,0.392,0.389,1094217,162411.SZ
20191017,0.388,0.387,0.389,0.387,1437050,162411.SZ
20191018,0.389,0.387,0.39,0.387,1284291,162411.SZ
20191021,0.382,0.384,0.386,0.382,1811569,162411.SZ
20191022,0.385,0.384,0.386,0.384,1196895,162411.SZ
20191023,0.387,0.386,0.388,0.385,1447462,162411.SZ
20191024,0.389,0.388,0.39,0.388,1558202,162411.SZ
20191025,0.387,0.388,0.388,0.386,1318286,162411.SZ
20191028,0.391,0.39,0.392,0.39,1566626,162411.SZ
20191029,0.389,0.387,0.39,0.387,900823,162411.SZ
20191030,0.392,0.39,0.392,0.389,1486166,162411.SZ
20191031,0.385,0.384,0.386,0.383,2891656,162411.SZ
20191101,0.383,0.385,0.386,0.382,1720287,162411.SZ
20191104,0.39,0.39,0.391,0.389,1381423,162411.SZ
20191105,0.402,0.402,0.403,0.4,4353369,162411.SZ
20191106,0.401,0.398,0.402,0.397,1426562,162411.SZ
20191107,0.391,0.391,0.392,0.391,785678,162411.SZ
20191108,0.396,0.393,0.396,0.393,790368,162411.SZ
20191111,0.396,0.392,0.396,0.392,1104868,162411.SZ
20191112,0.389,0.394,0.394,0.389,838264,162411.SZ
20191113,0.392,0.39,0.392,0.39,487781,162411.SZ
20191114,0.388,0.389,0.391,0.388,1549432,162411.SZ
20191115,0.387,0.386,0.388,0.385,1150140,162411.SZ
20191118,0.389,0.389,0.389,0.387,563675,162411.SZ
20191119,0.383,0.384,0.385,0.383,2157450,162411.SZ
20191120,0.38,0.379,0.381,0.378,3666907,162411.SZ
20191121,0.38,0.381,0.381,0.379,797263,162411.SZ
20191122,0.382,0.381,0.383,0.381,1486623,162411.SZ
20191125,0.38,0.381,0.381,0.379,1475364,162411.SZ
20191126,0.381,0.381,0.382,0.38,1344189,162411.SZ
20191127,0.378,0.378,0.379,0.377,1934592,162411.SZ
20191128,0.378,0.377,0.379,0.377,899866,162411.SZ
20191129,0.377,0.377,0.378,0.376,873615,162411.SZ
20191202,0.374,0.375,0.376,0.373,1271862,162411.SZ
20191203,0.374,0.374,0.375,0.373,783648,162411.SZ
20191204,0.372,0.372,0.373,0.372,745023,162411.SZ
20191205,0.377,0.377,0.377,0.375,1033844,162411.SZ
20191206,0.375,0.375,0.376,0.375,476528,162411.SZ
20191209,0.379,0.379,0.38,0.378,1342866,162411.SZ
20191210,0.38,0.38,0.381,0.379,1056212,162411.SZ
20191211,0.381,0.381,0.382,0.38,679111,162411.SZ
20191212,0.38,0.379,0.381,0.379,643160,162411.SZ
20191213,0.387,0.387,0.389,0.386,2939702,162411.SZ
20191216,0.383,0.386,0.386,0.383,1765148,162411.SZ
20191217,0.391,0.39,0.391,0.389,2257928,162411.SZ
20191218,0.397,0.395,0.397,0.395,2163487,162411.SZ
20191219,0.399,0.399,0.399,0.398,1340534,162411.SZ
20191220,0.403,0.402,0.404,0.402,1997054,162411.SZ
20191223,0.402,0.399,0.403,0.399,1926006,162411.SZ
20191224,0.409,0.41,0.41,0.408,2102578,162411.SZ
20191225,0.41,0.412,0.412,0.41,1423754,162411.SZ
20191226,0.412,0.414,0.415,0.412,1274365,162411.SZ
20191227,0.415,0.414,0.416,0.414,1430866,162411.SZ
20191230,0.409,0.41,0.41,0.408,2155541,162411.SZ
20191231,0.409,0.406,0.409,0.406,993482,162411.SZ
20200102,0.412,0.412,0.415,0.411,1385765,162411.SZ
20200103,0.412,0.419,0.423,0.411,2644692,162411.SZ
20200106,0.424,0.427,0.428,0.424,3440704,162411.SZ
20200107,0.422,0.419,0.423,0.418,2833524,162411.SZ
20200108,0.433,0.423,0.434,0.422,3624078,162411.SZ
20200109,0.41,0.408,0.41,0.407,2920167,162411.SZ
20200110,0.407,0.406,0.407,0.405,779663,162411.SZ
20200113,0.404,0.402,0.404,0.402,976146,162411.SZ
20200114,0.398,0.397,0.399,0.396,1640234,162411.SZ
20200115,0.399,0.398,0.399,0.398,578883,162411.SZ
20200116,0.396,0.397,0.398,0.395,737624,162411.SZ
20200117,0.396,0.396,0.397,0.395,666967,162411.SZ
20200120,0.393,0.393,0.393,0.391,1344375,162411.SZ
20200121,0.392,0.392,0.393,0.39,951939,162411.SZ
20200122,0.383,0.386,0.387,0.383,2268662,162411.SZ
20200123,0.38,0.381,0.381,0.378,2514741,162411.SZ
20200203,0.352,0.357,0.363,0.352,4900384,162411.SZ
20200204,0.353,0.362,0.364,0.352,2676827,162411.SZ
20200205,0.358,0.362,0.363,0.358,2400580,162411.SZ
20200206,0.367,0.372,0.372,0.366,3283313,162411.SZ
20200207,0.364,0.365,0.366,0.361,4052489,162411.SZ
20200210,0.357,0.361,0.361,0.356,3846805,162411.SZ
20200211,0.357,0.359,0.361,0.357,5244760,162411.SZ
20200212,0.36,0.359,0.361,0.358,3850926,162411.SZ
20200213,0.36,0.357,0.361,0.356,4120589,162411.SZ
20200214,0.353,0.355,0.355,0.353,3845556,162411.SZ
20200217,0.352,0.353,0.354,0.351,4678413,162411.SZ
20200218,0.352,0.351,0.353,0.351,4445222,162411.SZ
20200219,0.35,0.355,0.356,0.349,4328445,162411.SZ
20200220,0.359,0.359,0.361,0.357,3555240,162411.SZ
20200221,0.359,0.355,0.359,0.354,3052918,162411.SZ
20200224,0.35,0.35,0.351,0.349,3412819,162411.SZ
20200225,0.344,0.345,0.346,0.344,4640634,162411.SZ
20200226,0.341,0.34,0.342,0.339,4508947,162411.SZ
20200227,0.337,0.33,0.337,0.33,4162184,162411.SZ
20200228,0.318,0.309,0.319,0.307,6425960,162411.SZ
20200302,0.312,0.321,0.321,0.312,3701965,162411.SZ
20200303,0.326,0.323,0.329,0.322,2805336,162411.SZ
20200304,0.319,0.326,0.331,0.317,2650119,162411.SZ
20200305,0.328,0.326,0.33,0.325,1363012,162411.SZ
20200306,0.32,0.319,0.322,0.318,1927109,162411.SZ
20200309,0.287,0.287,0.287,0.287,2528623,162411.SZ
20200310,0.258,0.275,0.28,0.258,17289254,162411.SZ
20200311,0.268,0.262,0.272,0.26,6249721,162411.SZ
20200312,0.249,0.236,0.249,0.236,12294557,162411.SZ
20200313,0.214,0.227,0.233,0.214,12403260,162411.SZ
20200316,0.228,0.221,0.232,0.221,5307704,162411.SZ
20200317,0.222,0.228,0.228,0.215,6007150,162411.SZ
20200318,0.225,0.222,0.232,0.221,5403216,162411.SZ
20200319,0.219,0.226,0.227,0.219,4781232,162411.SZ
20200320,0.235,0.238,0.239,0.231,6114572,162411.SZ
20200323,0.23,0.238,0.242,0.229,5326852,162411.SZ
20200324,0.245,0.248,0.253,0.243,6550699,162411.SZ
20200325,0.258,0.255,0.26,0.252,6152623,162411.SZ
20200326,0.256,0.247,0.256,0.246,3278011,162411.SZ
20200327,0.25,0.245,0.252,0.245,3103264,162411.SZ
20200330,0.237,0.24,0.244,0.233,2960504,162411.SZ
20200331,0.244,0.246,0.252,0.243,3976562,162411.SZ
20200401,0.246,0.246,0.249,0.245,2006904,162411.SZ
20200402,0.248,0.258,0.264,0.246,12130808,162411.SZ
20200403,0.259,0.254,0.262,0.251,7424682,162411.SZ
20200407,0.26,0.247,0.262,0.242,13536876,162411.SZ
20200408,0.245,0.246,0.249,0.244,2882734,162411.SZ
20200409,0.251,0.25,0.252,0.248,2769314,162411.SZ
20200410,0.248,0.246,0.248,0.245,2642939,162411.SZ
20200413,0.25,0.248,0.251,0.247,2374978,162411.SZ
20200414,0.247,0.249,0.249,0.247,1519783,162411.SZ
20200415,0.247,0.25,0.251,0.246,2597514,162411.SZ
20200416,0.249,0.25,0.251,0.249,1945387,162411.SZ
20200417,0.251,0.252,0.255,0.251,2854002,162411.SZ
20200420,0.252,0.249,0.252,0.248,2272056,162411.SZ
20200421,0.247,0.244,0.248,0.244,3113678,162411.SZ
20200422,0.239,0.236,0.239,0.23,7275928,162411.SZ
20200423,0.241,0.246,0.249,0.241,6413699,162411.SZ
20200424,0.25,0.246,0.251,0.246,4437629,162411.SZ
20200427,0.246,0.247,0.251,0.246,3112502,162411.SZ
20200428,0.25,0.249,0.25,0.247,2940392,162411.SZ
20200429,0.254,0.256,0.259,0.254,4556746,162411.SZ
20200430,0.28,0.28,0.282,0.271,10248995,162411.SZ
20200506,0.275,0.273,0.28,0.272,6926122,162411.SZ
20200507,0.268,0.265,0.268,0.265,4226224,162411.SZ
20200508,0.269,0.27,0.271,0.267,2692423,162411.SZ
20200511,0.274,0.274,0.277,0.273,3582862,162411.SZ
20200512,0.273,0.271,0.273,0.27,1672520,162411.SZ
20200513,0.268,0.268,0.269,0.263,2863173,162411.SZ
20200514,0.258,0.259,0.262,0.257,3834026,162411.SZ
20200515,0.261,0.261,0.262,0.259,2409887,162411.SZ
20200518,0.264,0.264,0.265,0.262,1844279,162411.SZ
20200519,0.275,0.274,0.276,0.27,4071610,162411.SZ
20200520,0.271,0.271,0.273,0.27,1476810,162411.SZ
20200521,0.276,0.274,0.277,0.272,1898421,162411.SZ
20200522,0.273,0.266,0.274,0.266,2516239,162411.SZ
20200525,0.27,0.272,0.273,0.268,1768114,162411.SZ
20200526,0.274,0.279,0.279,0.274,2767298,162411.SZ
20200527,0.281,0.28,0.283,0.279,3568107,162411.SZ
20200528,0.282,0.281,0.284,0.28,2875484,162411.SZ
20200529,0.276,0.273,0.276,0.273,2032108,162411.SZ
20200601,0.273,0.274,0.276,0.273,3209804,162411.SZ
20200602,0.277,0.276,0.277,0.274,1920567,162411.SZ
20200603,0.284,0.286,0.287,0.284,3956941,162411.SZ
20200604,0.289,0.287,0.29,0.286,2505497,162411.SZ
20200605,0.291,0.296,0.297,0.291,2669439,162411.SZ
20200608,0.322,0.32,0.323,0.315,7964242,162411.SZ
20200609,0.352,0.352,0.352,0.349,6864752,162411.SZ
20200610,0.339,0.335,0.341,0.335,6419130,162411.SZ
20200611,0.314,0.307,0.315,0.305,7072409,162411.SZ
20200612,0.287,0.296,0.3,0.287,7063532,162411.SZ
20200615,0.294,0.288,0.297,0.288,4990587,162411.SZ
20200616,0.302,0.31,0.311,0.301,5443998,162411.SZ
20200617,0.308,0.31,0.312,0.306,3260660,162411.SZ
20200618,0.3,0.302,0.303,0.299,3773748,162411.SZ
20200619,0.305,0.308,0.309,0.305,2881015,162411.SZ
20200622,0.301,0.301,0.305,0.301,3005539,162411.SZ
20200623,0.299,0.299,0.3,0.297,2779240,162411.SZ
20200624,0.298,0.297,0.299,0.296,2144972,162411.SZ
20200629,0.278,0.28,0.285,0.278,7211322,162411.SZ
20200630,0.283,0.281,0.285,0.281,2902120,162411.SZ
20200701,0.284,0.282,0.285,0.281,2289364,162411.SZ
20200702,0.274,0.281,0.281,0.274,5833351,162411.SZ
20200703,0.281,0.28,0.283,0.28,3657313,162411.SZ
20200706,0.282,0.285,0.286,0.28,6005133,162411.SZ
20200707,0.283,0.281,0.284,0.28,4763920,162411.SZ
20200708,0.279,0.279,0.28,0.278,3196332,162411.SZ
20200709,0.278,0.278,0.279,0.276,4393294,162411.SZ
20200710,0.272,0.27,0.274,0.269,5600960,162411.SZ
20200713,0.27,0.273,0.277,0.269,5115558,162411.SZ
20200714,0.269,0.267,0.27,0.266,4928543,162411.SZ
20200715,0.271,0.269,0.273,0.269,5047448,162411.SZ
20200716,0.271,0.268,0.272,0.267,4724072,162411.SZ
20200717,0.27,0.271,0.272,0.269,2990675,162411.SZ
20200720,0.269,0.268,0.27,0.267,2641182,162411.SZ
20200721,0.268,0.27,0.27,0.268,2030715,162411.SZ
20200722,0.278,0.278,0.28,0.277,6322885,162411.SZ
20200723,0.277,0.278,0.278,0.275,2763919,162411.SZ
20200724,0.277,0.272,0.278,0.272,3902870,162411.SZ
20200727,0.275,0.275,0.275,0.273,1711645,162411.SZ
20200728,0.274,0.272,0.275,0.272,1871620,162411.SZ
20200729,0.27,0.272,0.272,0.269,2197096,162411.SZ
20200730,0.276,0.274,0.277,0.274,2345558,162411.SZ
20200731,0.271,0.271,0.272,0.27,1476972,162411.SZ
20200803,0.271,0.271,0.272,0.27,1446568,162411.SZ
20200804,0.273,0.271,0.273,0.27,1559216,162411.SZ
20200805,0.275,0.276,0.277,0.274,2753552,162411.SZ
20200806,0.28,0.281,0.281,0.278,2933730,162411.SZ
20200807,0.279,0.276,0.279,0.275,2239498,162411.SZ
20200810,0.279,0.28,0.281,0.278,2863835,162411.SZ
20200811,0.289,0.288,0.29,0.287,3384970,162411.SZ
20200812,0.286,0.287,0.289,0.284,3704020,162411.SZ
20200813,0.289,0.289,0.29,0.288,2029064,162411.SZ
20200814,0.285,0.286,0.286,0.284,1665696,162411.SZ
20200817,0.289,0.29,0.29,0.288,1937449,162411.SZ
20200818,0.289,0.289,0.29,0.288,1086937,162411.SZ
20200819,0.286,0.284,0.286,0.284,1553672,162411.SZ
20200820,0.282,0.28,0.283,0.28,1153857,162411.SZ
20200821,0.276,0.279,0.28,0.275,2127903,162411.SZ
20200824,0.277,0.277,0.278,0.277,1203738,162411.SZ
20200825,0.281,0.28,0.281,0.278,1499212,162411.SZ
20200826,0.279,0.278,0.28,0.278,1233689,162411.SZ
20200827,0.275,0.277,0.278,0.274,3324092,162411.SZ
20200828,0.276,0.275,0.276,0.274,1783489,162411.SZ
20200831,0.277,0.279,0.279,0.276,1229897,162411.SZ
20200901,0.275,0.275,0.276,0.274,1138600,162411.SZ
20200902,0.275,0.274,0.275,0.273,1561420,162411.SZ
20200903,0.271,0.271,0.272,0.27,2611739,162411.SZ
20200904,0.269,0.269,0.27,0.268,1314088,162411.SZ
20200907,0.267,0.266,0.268,0.266,1561814,162411.SZ
20200908,0.266,0.267,0.267,0.265,912454,162411.SZ
20200909,0.258,0.258,0.261,0.258,2933105,162411.SZ
20200910,0.26,0.259,0.261,0.259,955553,162411.SZ
20200911,0.253,0.256,0.257,0.253,1597407,162411.SZ
20200914,0.255,0.254,0.256,0.254,1135824,162411.SZ
20200915,0.255,0.253,0.255,0.253,1069931,162411.SZ
20200916,0.253,0.256,0.257,0.252,1382565,162411.SZ
20200917,0.259,0.256,0.26,0.255,2191836,162411.SZ
20200918,0.255,0.257,0.257,0.254,1541355,162411.SZ
20200921,0.255,0.254,0.256,0.254,1404285,162411.SZ
20200922,0.249,0.249,0.252,0.249,2017455,162411.SZ
20200923,0.247,0.245,0.248,0.245,1883254,162411.SZ
20200924,0.238,0.239,0.24,0.238,2187130,162411.SZ
20200925,0.238,0.237,0.239,0.237,1586825,162411.SZ
20200928,0.234,0.232,0.235,0.23,2669396,162411.SZ
20200929,0.233,0.235,0.236,0.232,1858462,162411.SZ
20200930,0.231,0.231,0.232,0.23,1934812,162411.SZ
20201009,0.24,0.239,0.24,0.238,1840634,162411.SZ
20201012,0.236,0.236,0.237,0.235,1925600,162411.SZ
20201013,0.236,0.236,0.237,0.235,1416617,162411.SZ
20201014,0.235,0.234,0.235,0.232,1701258,162411.SZ
20201015,0.235,0.234,0.235,0.234,905176,162411.SZ
20201016,0.236,0.235,0.237,0.234,2081182,162411.SZ
20201019,0.232,0.233,0.234,0.232,1549746,162411.SZ
20201020,0.231,0.23,0.232,0.228,2294022,162411.SZ
20201021,0.231,0.231,0.232,0.23,1227471,162411.SZ
20201022,0.228,0.228,0.228,0.227,1717793,162411.SZ
20201023,0.231,0.231,0.232,0.23,2071606,162411.SZ
20201026,0.23,0.228,0.231,0.228,2003811,162411.SZ
20201027,0.224,0.226,0.227,0.223,2420985,162411.SZ
20201028,0.224,0.224,0.225,0.223,1645796,162411.SZ
20201029,0.22,0.221,0.222,0.22,2440496,162411.SZ
20201030,0.22,0.217,0.221,0.217,2283908,162411.SZ
20201102,0.214,0.215,0.216,0.214,2420346,162411.SZ
20201103,0.218,0.221,0.222,0.218,2187464,162411.SZ
20201104,0.219,0.223,0.223,0.219,2726438,162411.SZ
20201105,0.221,0.219,0.222,0.219,2581005,162411.SZ
20201106,0.219,0.218,0.22,0.218,1701932,162411.SZ
20201109,0.217,0.221,0.222,0.217,2627199,162411.SZ
20201110,0.235,0.234,0.236,0.232,7347613,162411.SZ
20201111,0.241,0.244,0.244,0.239,5366514,162411.SZ
20201112,0.242,0.238,0.243,0.238,4391719,162411.SZ
20201113,0.233,0.231,0.234,0.23,2048001,162411.SZ
20201116,0.243,0.244,0.245,0.242,3725048,162411.SZ
20201117,0.255,0.254,0.255,0.253,4176334,162411.SZ
20201118,0.257,0.255,0.257,0.255,2502038,162411.SZ
20201119,0.252,0.253,0.253,0.251,1763738,162411.SZ
20201120,0.257,0.257,0.258,0.256,2208432,162411.SZ
20201123,0.257,0.26,0.261,0.256,2331455,162411.SZ
20201124,0.278,0.279,0.28,0.276,6631269,162411.SZ
20201125,0.291,0.289,0.294,0.288,7932987,162411.SZ
20201126,0.288,0.284,0.289,0.283,4276785,162411.SZ
20201127,0.283,0.285,0.285,0.281,3128422,162411.SZ
20201130,0.283,0.279,0.285,0.278,2974282,162411.SZ
20201201,0.27,0.268,0.27,0.267,3977191,162411.SZ
20201202,0.266,0.264,0.266,0.262,3038374,162411.SZ
20201203,0.272,0.276,0.276,0.272,2637578,162411.SZ
20201204,0.279,0.28,0.283,0.278,3162253,162411.SZ
20201207,0.296,0.294,0.297,0.293,5310895,162411.SZ
20201208,0.287,0.285,0.288,0.285,2293330,162411.SZ
20201209,0.293,0.291,0.293,0.29,2186886,162411.SZ
20201210,0.293,0.294,0.294,0.292,2121580,162411.SZ
20201211,0.31,0.307,0.31,0.306,4858996,162411.SZ
20201214,0.305,0.309,0.309,0.304,2603963,162411.SZ
20201215,0.294,0.292,0.294,0.291,2414457,162411.SZ
20201216,0.298,0.297,0.299,0.297,1364284,162411.SZ
20201217,0.297,0.299,0.3,0.296,2640469,162411.SZ
20201218,0.296,0.293,0.297,0.292,1905990,162411.SZ
20201221,0.29,0.287,0.29,0.284,3636327,162411.SZ
20201222,0.285,0.281,0.287,0.281,2431669,162411.SZ
20201223,0.28,0.283,0.285,0.28,1380990,162411.SZ
20201224,0.294,0.295,0.296,0.293,2816993,162411.SZ
20201225,0.29,0.29,0.292,0.289,1212832,162411.SZ
20201228,0.29,0.291,0.292,0.289,964659,162411.SZ
20201229,0.287,0.288,0.29,0.287,1199147,162411.SZ
20201230,0.286,0.283,0.288,0.283,2364532,162411.SZ
20201231,0.29,0.291,0.291,0.289,1609558,162411.SZ
20210104,0.288,0.293,0.294,0.288,2931092,162411.SZ
20210105,0.29,0.288,0.291,0.288,1397638,162411.SZ
20210106,0.304,0.302,0.304,0.302,3805520,162411.SZ
20210107,0.313,0.314,0.314,0.312,4117281,162411.SZ
20210108,0.319,0.318,0.32,0.317,2354830,162411.SZ
20210111,0.315,0.309,0.316,0.308,2256811,162411.SZ
20210112,0.321,0.322,0.323,0.32,2436546,162411.SZ
20210113,0.338,0.339,0.34,0.337,4447469,162411.SZ
20210114,0.333,0.336,0.336,0.333,1669445,162411.SZ
20210115,0.345,0.341,0.346,0.341,2234295,162411.SZ
20210118,0.335,0.333,0.335,0.331,2078268,162411.SZ
20210119,0.334,0.334,0.336,0.334,970777,162411.SZ
20210120,0.341,0.348,0.348,0.34,1194125,162411.SZ
20210121,0.341,0.339,0.342,0.339,1582769,162411.SZ
20210122,0.329,0.328,0.329,0.326,1924465,162411.SZ
20210125,0.33,0.334,0.335,0.33,1294266,162411.SZ
20210126,0.33,0.325,0.331,0.325,1275942,162411.SZ
20210127,0.322,0.324,0.325,0.32,1725181,162411.SZ
20210128,0.325,0.323,0.325,0.322,1374044,162411.SZ
20210129,0.324,0.321,0.324,0.32,845483,162411.SZ
20210201,0.312,0.317,0.317,0.311,1682450,162411.SZ
20210202,0.32,0.321,0.323,0.32,1575632,162411.SZ
20210203,0.324,0.32,0.324,0.319,1456824,162411.SZ
20210204,0.334,0.335,0.335,0.332,3065871,162411.SZ
20210205,0.336,0.335,0.338,0.334,1429395,162411.SZ
20210208,0.338,0.339,0.339,0.337,1040656,162411.SZ
20210209,0.356,0.356,0.357,0.354,4009391,162411.SZ
20210210,0.351,0.349,0.352,0.348,1796456,162411.SZ
20210218,0.374,0.375,0.377,0.372,4349889,162411.SZ
20210219,0.36,0.359,0.363,0.355,4842268,162411.SZ
20210222,0.37,0.373,0.375,0.369,2531180,162411.SZ
20210223,0.382,0.384,0.386,0.381,2538715,162411.SZ
20210224,0.387,0.381,0.388,0.381,2864414,162411.SZ
20210225,0.401,0.403,0.403,0.401,3103239,162411.SZ
20210226,0.39,0.389,0.396,0.388,3191518,162411.SZ
20210301,0.389,0.393,0.396,0.389,1549908,162411.SZ
20210302,0.396,0.389,0.396,0.388,2521951,162411.SZ
20210303,0.391,0.396,0.396,0.389,1477893,162411.SZ
20210304,0.399,0.399,0.401,0.398,1899430,162411.SZ
20210305,0.411,0.412,0.412,0.409,3356065,162411.SZ
20210308,0.429,0.432,0.435,0.427,4403976,162411.SZ
20210309,0.425,0.426,0.428,0.422,2714367,162411.SZ
20210310,0.416,0.409,0.416,0.408,2962895,162411.SZ
20210311,0.427,0.427,0.428,0.425,3246267,162411.SZ
20210312,0.433,0.432,0.434,0.431,2090953,162411.SZ
20210315,0.432,0.434,0.437,0.431,2403383,162411.SZ
20210316,0.428,0.427,0.429,0.425,1587779,162411.SZ
20210317,0.417,0.42,0.421,0.415,2179982,162411.SZ
20210318,0.418,0.417,0.419,0.416,1311459,162411.SZ
20210319,0.395,0.392,0.397,0.39,3845262,162411.SZ
20210322,0.396,0.4,0.4,0.396,1784968,162411.SZ
20210323,0.399,0.397,0.399,0.396,859903,162411.SZ
20210324,0.385,0.382,0.386,0.38,3490929,162411.SZ
20210325,0.386,0.386,0.388,0.384,1676213,162411.SZ
20210326,0.395,0.397,0.399,0.395,1817894,162411.SZ
20210329,0.406,0.399,0.406,0.397,2223366,162411.SZ
20210330,0.397,0.398,0.4,0.396,837457,162411.SZ
20210331,0.397,0.399,0.4,0.396,633827,162411.SZ
20210401,0.399,0.401,0.402,0.398,980878,162411.SZ
20210402,0.418,0.417,0.419,0.416,1254924,162411.SZ
20210406,0.402,0.402,0.404,0.399,1758757,162411.SZ
20210407,0.402,0.403,0.403,0.401,640324,162411.SZ
20210408,0.401,0.402,0.402,0.4,464521,162411.SZ
20210409,0.396,0.395,0.397,0.394,687685,162411.SZ
20210412,0.39,0.386,0.39,0.386,1120432,162411.SZ
20210413,0.38,0.384,0.384,0.379,821092,162411.SZ
20210414,0.382,0.386,0.387,0.381,1071752,162411.SZ
20210415,0.393,0.398,0.398,0.393,1360257,162411.SZ
20210416,0.392,0.392,0.394,0.39,1215948,162411.SZ
20210419,0.385,0.384,0.386,0.383,1163463,162411.SZ
20210420,0.384,0.388,0.389,0.384,914266,162411.SZ
20210421,0.371,0.374,0.374,0.37,2145703,162411.SZ
20210422,0.374,0.372,0.375,0.371,1200936,162411.SZ
20210423,0.371,0.372,0.372,0.37,776728,162411.SZ
20210426,0.373,0.369,0.374,0.368,1237426,162411.SZ
20210427,0.378,0.38,0.38,0.377,1729807,162411.SZ
20210428,0.385,0.385,0.385,0.383,999739,162411.SZ
20210429,0.399,0.4,0.402,0.398,2278105,162411.SZ
20210430,0.399,0.396,0.4,0.395,1279583,162411.SZ
20210506,0.41,0.41,0.411,0.409,1754907,162411.SZ
20210507,0.408,0.408,0.409,0.405,1136248,162411.SZ
20210510,0.418,0.418,0.419,0.414,1666397,162411.SZ
20210511,0.41,0.406,0.41,0.405,1776136,162411.SZ
20210512,0.405,0.409,0.409,0.405,561150,162411.SZ
20210513,0.406,0.403,0.408,0.403,879647,162411.SZ
20210514,0.397,0.394,0.397,0.393,1309571,162411.SZ
20210517,0.413,0.413,0.414,0.411,1794075,162411.SZ
20210518,0.426,0.428,0.428,0.426,1889569,162411.SZ
20210519,0.421,0.418,0.421,0.418,1128053,162411.SZ
20210520,0.414,0.416,0.417,0.413,653636,162411.SZ
20210521,0.415,0.413,0.415,0.412,707618,162411.SZ
20210524,0.416,0.419,0.421,0.415,724399,162411.SZ
20210525,0.421,0.421,0.422,0.419,865172,162411.SZ
20210526,0.416,0.411,0.416,0.411,870379,162411.SZ
20210527,0.418,0.415,0.419,0.415,831743,162411.SZ
20210528,0.423,0.423,0.425,0.423,1173067,162411.SZ
20210531,0.423,0.423,0.424,0.421,933467,162411.SZ
20210601,0.424,0.428,0.428,0.424,893469,162411.SZ
20210602,0.446,0.443,0.447,0.442,2941096,162411.SZ
20210603,0.453,0.453,0.454,0.452,1612960,162411.SZ
20210604,0.452,0.454,0.454,0.451,1850064,162411.SZ
20210607,0.456,0.453,0.457,0.452,995433,162411.SZ
20210608,0.458,0.458,0.459,0.457,886324,162411.SZ
20210609,0.463,0.468,0.468,0.463,1310775,162411.SZ
20210610,0.464,0.463,0.465,0.461,774906,162411.SZ
20210611,0.459,0.458,0.46,0.456,1064820,162411.SZ
20210615,0.458,0.464,0.464,0.457,1228390,162411.SZ
20210616,0.469,0.471,0.471,0.468,1053841,162411.SZ
20210617,0.464,0.462,0.464,0.46,1170694,162411.SZ
20210618,0.447,0.443,0.447,0.443,1451272,162411.SZ
20210621,0.438,0.438,0.441,0.437,1245402,162411.SZ
20210622,0.457,0.464,0.464,0.457,1494212,162411.SZ
20210623,0.464,0.468,0.469,0.463,935499,162411.SZ
20210624,0.469,0.469,0.47,0.467,799489,162411.SZ
20210625,0.476,0.475,0.477,0.475,706490,162411.SZ
20210628,0.481,0.479,0.482,0.479,807040,162411.SZ
20210629,0.462,0.46,0.462,0.459,780783,162411.SZ
20210630,0.461,0.463,0.464,0.46,571744,162411.SZ
20210701,0.469,0.468,0.47,0.467,586158,162411.SZ
20210702,0.479,0.477,0.479,0.476,1101643,162411.SZ
20210705,0.471,0.47,0.471,0.467,983968,162411.SZ
20210706,0.478,0.476,0.479,0.476,889349,162411.SZ
20210707,0.455,0.458,0.46,0.452,2016921,162411.SZ
20210708,0.448,0.44,0.449,0.438,3552349,162411.SZ
20210709,0.444,0.447,0.447,0.442,832942,162411.SZ
20210712,0.455,0.451,0.456,0.449,1159471,162411.SZ
20210713,0.451,0.451,0.453,0.45,759141,162411.SZ
20210714,0.447,0.445,0.447,0.444,702714,162411.SZ
20210715,0.426,0.425,0.427,0.421,2225516,162411.SZ
20210716,0.42,0.421,0.421,0.419,759722,162411.SZ
20210719,0.406,0.408,0.408,0.402,1858370,162411.SZ
20210720,0.394,0.4,0.4,0.393,1464781,162411.SZ
20210721,0.402,0.399,0.402,0.399,795127,162411.SZ
20210722,0.413,0.415,0.416,0.411,1195422,162411.SZ
20210723,0.408,0.409,0.41,0.407,890981,162411.SZ
20210726,0.404,0.397,0.405,0.396,1157713,162411.SZ
20210727,0.411,0.407,0.412,0.407,1139904,162411.SZ
20210728,0.402,0.402,0.403,0.401,717179,162411.SZ
20210729,0.408,0.411,0.411,0.406,935333,162411.SZ
20210730,0.408,0.405,0.408,0.402,1081790,162411.SZ
20210802,0.401,0.404,0.405,0.401,672394,162411.SZ
20210803,0.4,0.396,0.4,0.396,1036856,162411.SZ
20210804,0.401,0.401,0.402,0.4,663995,162411.SZ
20210805,0.39,0.389,0.393,0.389,1522996,162411.SZ
20210806,0.395,0.399,0.399,0.394,882525,162411.SZ
20210809,0.397,0.395,0.397,0.394,744812,162411.SZ
20210810,0.396,0.4,0.4,0.395,696566,162411.SZ
20210811,0.405,0.405,0.405,0.402,800576,162411.SZ
20210812,0.406,0.404,0.406,0.404,364592,162411.SZ
20210813,0.404,0.401,0.405,0.401,408926,162411.SZ
20210816,0.393,0.393,0.393,0.391,919316,162411.SZ
20210817,0.385,0.382,0.387,0.382,1258977,162411.SZ
20210818,0.381,0.386,0.386,0.38,607669,162411.SZ
20210819,0.373,0.371,0.374,0.37,1486745,162411.SZ
20210820,0.364,0.363,0.365,0.362,1033977,162411.SZ
20210823,0.365,0.369,0.371,0.365,850410,162411.SZ
20210824,0.379,0.38,0.383,0.379,1034732,162411.SZ
20210825,0.387,0.384,0.387,0.383,911326,162411.SZ
20210826,0.39,0.389,0.391,0.389,969385,162411.SZ
20210827,0.386,0.39,0.39,0.385,837524,162411.SZ
20210830,0.404,0.402,0.404,0.401,1211824,162411.SZ
20210831,0.4,0.399,0.4,0.397,614270,162411.SZ
20210901,0.402,0.403,0.404,0.401,843760,162411.SZ
20210902,0.397,0.397,0.398,0.395,667056,162411.SZ
20210903,0.41,0.412,0.412,0.409,1154965,162411.SZ
20210906,0.408,0.404,0.409,0.403,969517,162411.SZ
20210907,0.406,0.408,0.41,0.406,512282,162411.SZ
20210908,0.408,0.409,0.41,0.408,485454,162411.SZ
20210909,0.404,0.403,0.405,0.402,921219,162411.SZ
20210910,0.407,0.411,0.411,0.407,831037,162411.SZ
20210913,0.409,0.411,0.411,0.407,636249,162411.SZ
20210914,0.421,0.422,0.423,0.42,1015014,162411.SZ
20210915,0.414,0.414,0.414,0.412,780975,162411.SZ
20210916,0.432,0.429,0.432,0.429,1528652,162411.SZ
20210917,0.427,0.428,0.429,0.426,519111,162411.SZ
20210922,0.414,0.42,0.422,0.413,1578040,162411.SZ
20210923,0.427,0.429,0.429,0.427,920196,162411.SZ
20210924,0.445,0.442,0.446,0.441,1634670,162411.SZ
20210927,0.45,0.456,0.456,0.449,1210490,162411.SZ
20210928,0.476,0.479,0.481,0.473,3112611,162411.SZ
20210929,0.47,0.467,0.47,0.465,1931812,162411.SZ
20210930,0.472,0.476,0.477,0.471,1060762,162411.SZ
20211008,0.498,0.498,0.5,0.495,1957665,162411.SZ
20211011,0.51,0.513,0.513,0.508,2070238,162411.SZ
20211012,0.505,0.504,0.506,0.501,1492488,162411.SZ
20211013,0.503,0.503,0.505,0.501,912853,162411.SZ
20211014,0.503,0.507,0.508,0.501,981138,162411.SZ
20211015,0.511,0.514,0.516,0.508,1560274,162411.SZ
20211018,0.511,0.509,0.514,0.507,1374965,162411.SZ
20211019,0.508,0.51,0.513,0.505,1056858,162411.SZ
20211020,0.51,0.507,0.511,0.506,693014,162411.SZ
20211021,0.516,0.512,0.518,0.511,962352,162411.SZ
20211022,0.507,0.505,0.508,0.505,679090,162411.SZ
20211025,0.515,0.516,0.518,0.514,1071006,162411.SZ
20211026,0.527,0.527,0.529,0.525,1317618,162411.SZ
20211027,0.525,0.521,0.526,0.521,742891,162411.SZ
20211028,0.503,0.502,0.504,0.498,1297106,162411.SZ
20211029,0.509,0.509,0.511,0.508,490251,162411.SZ
20211101,0.506,0.508,0.508,0.506,460337,162411.SZ
20211102,0.523,0.523,0.524,0.52,850388,162411.SZ
20211103,0.516,0.515,0.516,0.513,504079,162411.SZ
20211104,0.512,0.509,0.512,0.508,1174629,162411.SZ
20211105,0.509,0.51,0.51,0.508,394616,162411.SZ
20211108,0.524,0.524,0.525,0.523,581534,162411.SZ
20211109,0.528,0.528,0.529,0.526,723198,162411.SZ
20211110,0.53,0.528,0.531,0.528,496404,162411.SZ
20211111,0.508,0.51,0.511,0.507,905048,162411.SZ
20211112,0.516,0.513,0.516,0.512,684695,162411.SZ
20211115,0.511,0.51,0.511,0.509,404332,162411.SZ
20211116,0.515,0.516,0.517,0.514,425509,162411.SZ
20211117,0.51,0.51,0.511,0.508,580978,162411.SZ
20211118,0.497,0.495,0.497,0.494,814143,162411.SZ
20211119,0.496,0.502,0.502,0.495,549737,162411.SZ
20211122,0.48,0.479,0.481,0.476,1316437,162411.SZ
20211123,0.481,0.478,0.482,0.478,663334,162411.SZ
20211124,0.495,0.495,0.498,0.494,1209800,162411.SZ
20211125,0.504,0.504,0.506,0.503,606933,162411.SZ
20211126,0.499,0.488,0.499,0.488,951799,162411.SZ
20211129,0.478,0.486,0.486,0.478,995490,162411.SZ
20211130,0.482,0.473,0.483,0.471,859393,162411.SZ
20211201,0.47,0.473,0.478,0.468,1288818,162411.SZ
20211202,0.458,0.46,0.46,0.456,1009456,162411.SZ
20211203,0.465,0.466,0.467,0.461,901486,162411.SZ
20211206,0.466,0.464,0.466,0.463,402693,162411.SZ
20211207,0.469,0.469,0.471,0.468,761970,162411.SZ
20211208,0.484,0.484,0.485,0.483,660176,162411.SZ
20211209,0.484,0.485,0.487,0.484,562852,162411.SZ
20211210,0.478,0.478,0.48,0.477,307688,162411.SZ
20211213,0.486,0.488,0.488,0.485,429075,162411.SZ
20211214,0.467,0.468,0.469,0.466,994871,162411.SZ
20211215,0.46,0.458,0.46,0.458,766999,162411.SZ
20211216,0.462,0.466,0.467,0.461,474636,162411.SZ
20211217,0.461,0.458,0.461,0.457,511791,162411.SZ
20211220,0.45,0.444,0.45,0.442,808558,162411.SZ
20211221,0.445,0.449,0.449,0.444,431118,162411.SZ
20211222,0.459,0.457,0.459,0.455,654609,162411.SZ
20211223,0.46,0.459,0.462,0.459,522937,162411.SZ
20211224,0.46,0.457,0.46,0.457,253010,162411.SZ
20211227,0.457,0.456,0.458,0.455,219956,162411.SZ
20211228,0.472,0.474,0.474,0.471,902684,162411.SZ
20211229,0.472,0.473,0.473,0.469,371346,162411.SZ
20211230,0.47,0.47,0.472,0.47,353563,162411.SZ
20211231,0.464,0.464,0.465,0.462,331505,162411.SZ
20220104,0.479,0.479,0.48,0.478,765976,162411.SZ
20220105,0.499,0.497,0.499,0.495,987444,162411.SZ
20220106,0.486,0.484,0.487,0.481,558011,162411.SZ
20220107,0.5,0.503,0.504,0.5,939379,162411.SZ
20220110,0.499,0.498,0.5,0.495,1118685,162411.SZ
20220111,0.497,0.495,0.499,0.495,750563,162411.SZ
20220112,0.515,0.511,0.516,0.511,902187,162411.SZ
20220113,0.518,0.518,0.519,0.517,661591,162411.SZ
20220114,0.512,0.517,0.518,0.511,417128,162411.SZ
20220117,0.526,0.524,0.527,0.522,588001,162411.SZ
20220118,0.525,0.531,0.531,0.524,901923,162411.SZ
20220119,0.528,0.52,0.528,0.519,889267,162411.SZ
20220120,0.512,0.515,0.516,0.51,635973,162411.SZ
20220121,0.495,0.497,0.498,0.492,895343,162411.SZ
20220124,0.486,0.491,0.491,0.485,604084,162411.SZ
20220125,0.49,0.484,0.491,0.484,709330,162411.SZ
20220126,0.5,0.501,0.501,0.498,1198960,162411.SZ
20220127,0.498,0.492,0.498,0.491,756074,162411.SZ
20220128,0.498,0.506,0.509,0.498,1157934,162411.SZ
20220207,0.53,0.529,0.531,0.528,988365,162411.SZ
20220208,0.527,0.526,0.528,0.526,439685,162411.SZ
20220209,0.514,0.512,0.514,0.511,852222,162411.SZ
20220210,0.521,0.517,0.521,0.515,1261838,162411.SZ
20220211,0.518,0.516,0.519,0.516,604594,162411.SZ
20220214,0.539,0.541,0.542,0.538,1574695,162411.SZ
20220215,0.53,0.528,0.531,0.527,625160,162411.SZ
20220216,0.522,0.522,0.523,0.519,873607,162411.SZ
20220217,0.518,0.525,0.528,0.518,589706,162411.SZ
20220218,0.519,0.519,0.521,0.518,488168,162411.SZ
20220221,0.517,0.514,0.517,0.513,589517,162411.SZ
20220222,0.522,0.525,0.526,0.519,1311665,162411.SZ
20220223,0.509,0.512,0.512,0.508,734244,162411.SZ
20220224,0.519,0.524,0.535,0.516,2501861,162411.SZ
20220225,0.526,0.523,0.528,0.521,1277894,162411.SZ
20220228,0.533,0.53,0.535,0.53,1208488,162411.SZ
20220301,0.549,0.55,0.55,0.546,1537558,162411.SZ
20220302,0.559,0.576,0.578,0.559,2081485,162411.SZ
20220303,0.583,0.583,0.588,0.578,2045644,162411.SZ
20220304,0.576,0.562,0.576,0.56,1646043,162411.SZ
20220307,0.601,0.601,0.604,0.596,2295748,162411.SZ
20220308,0.591,0.596,0.607,0.577,3025472,162411.SZ
20220309,0.601,0.606,0.609,0.6,2657946,162411.SZ
20220310,0.58,0.581,0.591,0.57,2819897,162411.SZ
20220311,0.596,0.597,0.598,0.593,1225571,162411.SZ
20220314,0.588,0.583,0.588,0.576,969283,162411.SZ
20220315,0.561,0.536,0.561,0.534,1799226,162411.SZ
20220316,0.547,0.565,0.566,0.547,1157405,162411.SZ
20220317,0.562,0.565,0.566,0.559,886300,162411.SZ
20220318,0.588,0.594,0.595,0.588,1350239,162411.SZ
20220321,0.6,0.6,0.603,0.598,664394,162411.SZ
20220322,0.615,0.613,0.616,0.61,1034273,162411.SZ
20220323,0.607,0.606,0.614,0.603,1100344,162411.SZ
20220324,0.62,0.615,0.622,0.613,1025173,162411.SZ
20220325,0.622,0.624,0.625,0.621,838012,162411.SZ
20220328,0.644,0.645,0.649,0.64,1054919,162411.SZ
20220329,0.637,0.648,0.649,0.637,699276,162411.SZ
20220330,0.644,0.644,0.644,0.637,943987,162411.SZ
20220331,0.645,0.631,0.645,0.625,1071029,162411.SZ
20220401,0.63,0.63,0.634,0.629,600150,162411.SZ
20220406,0.638,0.65,0.652,0.637,693334,162411.SZ
20220407,0.644,0.645,0.647,0.638,446849,162411.SZ
20220408,0.645,0.646,0.651,0.644,434058,162411.SZ
20220411,0.654,0.658,0.659,0.654,517245,162411.SZ
20220412,0.653,0.659,0.659,0.651,753156,162411.SZ
20220413,0.663,0.661,0.667,0.659,853115,162411.SZ
20220414,0.671,0.666,0.673,0.666,608132,162411.SZ
20220415,0.672,0.674,0.675,0.672,402016,162411.SZ
20220418,0.677,0.682,0.683,0.677,492097,162411.SZ
20220419,0.694,0.695,0.696,0.686,617229,162411.SZ
20220420,0.684,0.683,0.686,0.678,710061,162411.SZ
20220421,0.691,0.701,0.703,0.691,836089,162411.SZ
20220422,0.67,0.666,0.671,0.664,1161254,162411.SZ
20220425,0.63,0.628,0.637,0.628,1294636,162411.SZ
20220426,0.63,0.639,0.641,0.63,553735,162411.SZ
20220427,0.64,0.638,0.642,0.637,678074,162411.SZ
20220428,0.642,0.644,0.644,0.64,479329,162411.SZ
20220429,0.664,0.667,0.668,0.662,559451,162411.SZ
20220505,0.7,0.699,0.704,0.691,893176,162411.SZ
20220506,0.688,0.696,0.697,0.684,644217,162411.SZ
20220509,0.695,0.702,0.703,0.692,705421,162411.SZ
20220510,0.639,0.646,0.648,0.636,1723414,162411.SZ
20220511,0.645,0.656,0.659,0.641,942487,162411.SZ
20220512,0.662,0.647,0.662,0.645,812371,162411.SZ
20220513,0.654,0.656,0.657,0.653,631072,162411.SZ
20220516,0.67,0.668,0.673,0.662,1002944,162411.SZ
20220517,0.685,0.691,0.692,0.685,786538,162411.SZ
20220518,0.705,0.705,0.707,0.702,906026,162411.SZ
20220519,0.683,0.688,0.689,0.68,908758,162411.SZ
20220520,0.686,0.684,0.688,0.682,507815,162411.SZ
20220523,0.686,0.687,0.688,0.685,468908,162411.SZ
20220524,0.702,0.693,0.702,0.693,785313,162411.SZ
20220525,0.699,0.707,0.707,0.699,790420,162411.SZ
20220526,0.726,0.729,0.73,0.723,897257,162411.SZ
20220527,0.749,0.753,0.753,0.748,802972,162411.SZ
20220530,0.776,0.785,0.786,0.776,813585,162411.SZ
20220531,0.798,0.8,0.802,0.787,1159159,162411.SZ
20220601,0.775,0.773,0.775,0.763,1380265,162411.SZ
20220602,0.779,0.773,0.782,0.773,1147019,162411.SZ
20220606,0.786,0.798,0.799,0.786,834989,162411.SZ
20220607,0.803,0.801,0.805,0.8,421883,162411.SZ
20220608,0.827,0.83,0.83,0.823,788156,162411.SZ
20220609,0.824,0.824,0.825,0.819,731628,162411.SZ
20220610,0.809,0.821,0.822,0.805,788858,162411.SZ
20220613,0.804,0.795,0.804,0.792,674250,162411.SZ
20220614,0.76,0.779,0.779,0.756,1493593,162411.SZ
20220615,0.765,0.758,0.767,0.752,1407684,162411.SZ
20220616,0.754,0.746,0.754,0.744,820914,162411.SZ
20220617,0.708,0.704,0.709,0.699,1573692,162411.SZ
20220620,0.656,0.657,0.659,0.653,1475553,162411.SZ
20220621,0.66,0.682,0.69,0.66,1601591,162411.SZ
20220622,0.683,0.662,0.683,0.662,960929,162411.SZ
20220623,0.644,0.657,0.659,0.64,1278005,162411.SZ
20220624,0.636,0.623,0.637,0.621,2256563,162411.SZ
20220627,0.624,0.63,0.633,0.622,1252340,162411.SZ
20220628,0.645,0.656,0.657,0.645,1576675,162411.SZ
20220629,0.661,0.657,0.668,0.656,1506417,162411.SZ
20220630,0.63,0.63,0.633,0.627,1638115,162411.SZ
20220701,0.613,0.606,0.614,0.604,1601612,162411.SZ
20220704,0.61,0.617,0.618,0.608,976730,162411.SZ
20220705,0.625,0.622,0.632,0.621,1269621,162411.SZ
20220706,0.588,0.585,0.592,0.582,2209940,162411.SZ
20220707,0.574,0.574,0.577,0.568,1373457,162411.SZ
20220708,0.599,0.599,0.602,0.595,1440549,162411.SZ
20220711,0.596,0.59,0.597,0.59,697627,162411.SZ
20220712,0.587,0.586,0.592,0.585,757012,162411.SZ
20220713,0.577,0.584,0.584,0.576,1001143,162411.SZ
20220714,0.586,0.584,0.588,0.581,966167,162411.SZ
20220715,0.579,0.581,0.583,0.578,872742,162411.SZ
20220718,0.592,0.608,0.609,0.591,1318812,162411.SZ
20220719,0.612,0.612,0.614,0.609,838459,162411.SZ
20220720,0.631,0.629,0.633,0.628,927597,162411.SZ
20220721,0.646,0.643,0.648,0.642,1066038,162411.SZ
20220722,0.629,0.64,0.642,0.629,1217509,162411.SZ
20220725,0.625,0.613,0.626,0.611,966962,162411.SZ
20220726,0.645,0.655,0.657,0.645,1432593,162411.SZ
20220727,0.651,0.649,0.651,0.646,662546,162411.SZ
20220728,0.675,0.671,0.676,0.665,927933,162411.SZ
20220729,0.676,0.673,0.676,0.668,697243,162411.SZ
20220801,0.685,0.688,0.694,0.685,786874,162411.SZ
20220802,0.678,0.683,0.685,0.671,937957,162411.SZ
20220803,0.682,0.685,0.688,0.681,658903,162411.SZ
20220804,0.671,0.668,0.672,0.667,675379,162411.SZ
20220805,0.639,0.644,0.65,0.639,1297049,162411.SZ
20220808,0.655,0.665,0.666,0.654,955878,162411.SZ
20220809,0.665,0.657,0.665,0.656,768259,162411.SZ
20220810,0.667,0.663,0.669,0.66,705561,162411.SZ
20220811,0.676,0.678,0.68,0.674,665779,162411.SZ
20220812,0.701,0.702,0.704,0.7,765016,162411.SZ
20220815,0.705,0.7,0.706,0.7,650870,162411.SZ
20220816,0.69,0.691,0.693,0.688,489795,162411.SZ
20220817,0.694,0.704,0.705,0.694,789037,162411.SZ
20220818,0.706,0.712,0.715,0.706,424988,162411.SZ
20220819,0.737,0.731,0.739,0.728,686986,162411.SZ
20220822,0.728,0.725,0.729,0.725,321751,162411.SZ
20220823,0.733,0.745,0.745,0.733,745491,162411.SZ
20220824,0.758,0.759,0.763,0.752,846486,162411.SZ
20220825,0.77,0.773,0.779,0.769,980150,162411.SZ
20220826,0.77,0.767,0.775,0.763,945584,162411.SZ
20220829,0.764,0.768,0.773,0.757,853572,162411.SZ
20220830,0.777,0.779,0.78,0.774,616175,162411.SZ
20220831,0.744,0.737,0.747,0.736,1029751,162411.SZ
20220901,0.74,0.742,0.746,0.74,773785,162411.SZ
20220902,0.728,0.737,0.738,0.723,872232,162411.SZ
20220905,0.741,0.765,0.771,0.741,1039341,162411.SZ
20220906,0.77,0.765,0.776,0.758,893401,162411.SZ
20220907,0.738,0.735,0.742,0.734,1078378,162411.SZ
20220908,0.729,0.72,0.73,0.718,822793,162411.SZ
20220909,0.726,0.728,0.732,0.725,668265,162411.SZ
20220913,0.745,0.749,0.752,0.745,922723,162411.SZ
20220914,0.731,0.73,0.733,0.728,532064,162411.SZ
20220915,0.753,0.751,0.755,0.75,779065,162411.SZ
20220916,0.731,0.735,0.735,0.73,487365,162411.SZ
20220919,0.719,0.705,0.722,0.705,807378,162411.SZ
20220920,0.711,0.716,0.719,0.71,596584,162411.SZ
20220921,0.702,0.721,0.721,0.701,729090,162411.SZ
20220922,0.696,0.703,0.707,0.693,731632,162411.SZ
20220923,0.696,0.687,0.697,0.686,554485,162411.SZ
20220926,0.64,0.633,0.645,0.63,1174108,162411.SZ
20220927,0.623,0.635,0.636,0.623,842612,162411.SZ
20220928,0.639,0.629,0.639,0.628,860680,162411.SZ
20220929,0.673,0.663,0.675,0.657,1190716,162411.SZ
20220930,0.666,0.669,0.669,0.661,740554,162411.SZ
20221010,0.736,0.736,0.736,0.736,292943,162411.SZ
20221011,0.743,0.741,0.747,0.74,981349,162411.SZ
20221012,0.74,0.746,0.748,0.736,650509,162411.SZ
20221013,0.748,0.747,0.75,0.746,325165,162411.SZ
20221014,0.772,0.778,0.778,0.772,578071,162411.SZ
20221017,0.745,0.75,0.753,0.743,584102,162411.SZ
20221018,0.757,0.766,0.768,0.757,517157,162411.SZ
20221019,0.767,0.76,0.771,0.758,544990,162411.SZ
20221020,0.782,0.785,0.785,0.777,675090,162411.SZ
20221021,0.773,0.77,0.775,0.77,421823,162411.SZ
20221024,0.79,0.78,0.791,0.779,369010,162411.SZ
20221025,0.785,0.797,0.797,0.785,372051,162411.SZ
20221026,0.797,0.793,0.798,0.791,469568,162411.SZ
20221027,0.811,0.81,0.812,0.808,386535,162411.SZ
20221028,0.807,0.801,0.809,0.799,316558,162411.SZ
20221031,0.805,0.797,0.805,0.796,327799,162411.SZ
20221101,0.814,0.828,0.828,0.814,449180,162411.SZ
20221102,0.834,0.837,0.84,0.834,362452,162411.SZ
20221103,0.822,0.817,0.822,0.814,294184,162411.SZ
20221104,0.83,0.845,0.848,0.829,595182,162411.SZ
20221107,0.845,0.842,0.845,0.832,819524,162411.SZ
20221108,0.872,0.87,0.872,0.866,417448,162411.SZ
20221109,0.864,0.869,0.869,0.861,328887,162411.SZ
20221110,0.818,0.816,0.818,0.814,786263,162411.SZ
20221111,0.836,0.844,0.846,0.835,614324,162411.SZ
20221114,0.857,0.844,0.859,0.83,588449,162411.SZ
20221115,0.834,0.837,0.839,0.832,374545,162411.SZ
20221116,0.848,0.846,0.85,0.844,361750,162411.SZ
20221117,0.828,0.828,0.83,0.824,470629,162411.SZ
20221118,0.827,0.83,0.834,0.827,448748,162411.SZ
20221121,0.82,0.819,0.825,0.815,417769,162411.SZ
20221122,0.814,0.818,0.819,0.814,294385,162411.SZ
20221123,0.844,0.843,0.847,0.841,441780,162411.SZ
20221124,0.835,0.833,0.835,0.83,380294,162411.SZ
20221125,0.836,0.838,0.839,0.834,404105,162411.SZ
20221128,0.823,0.819,0.826,0.813,535178,162411.SZ
20221129,0.811,0.822,0.835,0.811,553535,162411.SZ
20221130,0.821,0.818,0.822,0.815,269876,162411.SZ
20221201,0.823,0.817,0.824,0.815,304857,162411.SZ
20221202,0.802,0.802,0.808,0.8,353600,162411.SZ
20221205,0.802,0.79,0.802,0.788,405086,162411.SZ
20221206,0.76,0.769,0.784,0.759,575920,162411.SZ
20221207,0.75,0.744,0.753,0.742,548343,162411.SZ
20221208,0.737,0.752,0.752,0.732,394885,162411.SZ
20221209,0.726,0.736,0.741,0.726,746942,162411.SZ
20221212,0.721,0.726,0.729,0.72,451522,162411.SZ
20221213,0.733,0.746,0.749,0.732,1300535,162411.SZ
20221214,0.744,0.728,0.744,0.727,1111510,162411.SZ
20221215,0.72,0.712,0.721,0.711,1065772,162411.SZ
20221216,0.717,0.72,0.727,0.717,1244050,162411.SZ
20221219,0.721,0.716,0.724,0.714,615927,162411.SZ
20221220,0.708,0.7,0.708,0.695,700332,162411.SZ
20221221,0.71,0.714,0.715,0.708,675190,162411.SZ
20221222,0.726,0.732,0.734,0.725,902256,162411.SZ
20221223,0.708,0.71,0.715,0.707,653081,162411.SZ
20221226,0.73,0.731,0.734,0.728,640392,162411.SZ
20221227,0.742,0.737,0.742,0.734,616222,162411.SZ
20221228,0.733,0.735,0.737,0.733,363690,162411.SZ
20221229,0.709,0.707,0.711,0.706,646992,162411.SZ
20221230,0.719,0.718,0.72,0.716,444594,162411.SZ
20230103,0.717,0.719,0.72,0.712,376619,162411.SZ
20230104,0.69,0.692,0.693,0.688,1029763,162411.SZ
20230105,0.69,0.695,0.696,0.689,570322,162411.SZ
20230106,0.693,0.702,0.703,0.692,682522,162411.SZ
20230109,0.701,0.699,0.706,0.698,720921,162411.SZ
20230110,0.699,0.69,0.7,0.69,604495,162411.SZ
20230111,0.691,0.692,0.694,0.69,362827,162411.SZ
20230112,0.696,0.696,0.698,0.693,448071,162411.SZ
20230113,0.706,0.707,0.708,0.705,578042,162411.SZ
20230116,0.708,0.705,0.708,0.703,364703,162411.SZ
20230117,0.705,0.706,0.708,0.703,353785,162411.SZ
20230118,0.712,0.719,0.719,0.712,754711,162411.SZ
20230119,0.708,0.703,0.708,0.7,757571,162411.SZ
20230120,0.719,0.722,0.722,0.715,764286,162411.SZ
20230130,0.732,0.727,0.736,0.726,1020556,162411.SZ
20230131,0.715,0.713,0.715,0.71,582657,162411.SZ
20230201,0.723,0.72,0.724,0.719,437737,162411.SZ
20230202,0.708,0.713,0.715,0.708,941754,162411.SZ
20230203,0.705,0.704,0.705,0.701,615696,162411.SZ
20230206,0.704,0.703,0.704,0.701,302902,162411.SZ
20230207,0.697,0.703,0.704,0.695,688937,162411.SZ
20230208,0.712,0.714,0.715,0.711,570973,162411.SZ
20230209,0.709,0.711,0.712,0.707,404770,162411.SZ
20230210,0.703,0.701,0.703,0.699,550797,162411.SZ
20230213,0.715,0.72,0.72,0.715,1013335,162411.SZ
20230214,0.72,0.722,0.724,0.719,673437,162411.SZ
20230215,0.725,0.721,0.727,0.718,514611,162411.SZ
20230216,0.719,0.724,0.724,0.718,537798,162411.SZ
20230217,0.716,0.711,0.716,0.71,456735,162411.SZ
20230220,0.695,0.699,0.703,0.69,966657,162411.SZ
20230221,0.694,0.696,0.699,0.694,487829,162411.SZ
20230222,0.689,0.692,0.693,0.688,465583,162411.SZ
20230223,0.692,0.696,0.697,0.69,416201,162411.SZ
20230224,0.701,0.7,0.704,0.699,698976,162411.SZ
20230227,0.706,0.705,0.706,0.703,570377,162411.SZ
20230228,0.711,0.712,0.713,0.709,673434,162411.SZ
20230301,0.703,0.704,0.705,0.699,718381,162411.SZ
20230302,0.713,0.709,0.713,0.707,537523,162411.SZ
20230303,0.719,0.721,0.721,0.718,803415,162411.SZ
20230306,0.733,0.733,0.734,0.73,853130,162411.SZ
20230307,0.73,0.729,0.735,0.727,1006775,162411.SZ
20230308,0.719,0.72,0.721,0.718,311854,162411.SZ
20230309,0.713,0.71,0.713,0.709,439108,162411.SZ
20230310,0.699,0.692,0.699,0.691,936774,162411.SZ
20230313,0.686,0.697,0.697,0.686,571431,162411.SZ
20230314,0.68,0.676,0.685,0.675,920194,162411.SZ
20230315,0.678,0.682,0.682,0.676,582575,162411.SZ
20230316,0.652,0.654,0.657,0.651,1171463,162411.SZ
20230317,0.65,0.65,0.654,0.647,1261098,162411.SZ
20230320,0.636,0.629,0.638,0.628,1380949,162411.SZ
20230321,0.634,0.633,0.635,0.631,857989,162411.SZ
20230322,0.647,0.649,0.651,0.647,1229713,162411.SZ
20230323,0.636,0.639,0.639,0.635,1161186,162411.SZ
20230324,0.63,0.635,0.635,0.628,1204808,162411.SZ
20230327,0.635,0.641,0.642,0.633,666784,162411.SZ
20230328,0.653,0.651,0.655,0.649,691767,162411.SZ
20230329,0.659,0.66,0.661,0.657,779784,162411.SZ
20230330,0.664,0.663,0.666,0.661,837435,162411.SZ
20230331,0.664,0.663,0.665,0.661,428691,162411.SZ
20230403,0.688,0.693,0.699,0.688,1516824,162411.SZ
20230404,0.705,0.703,0.706,0.701,1114933,162411.SZ
20230406,0.695,0.691,0.695,0.689,721157,162411.SZ
20230407,0.684,0.684,0.685,0.682,420627,162411.SZ
20230410,0.688,0.687,0.688,0.684,345953,162411.SZ
20230411,0.699,0.704,0.704,0.699,772727,162411.SZ
20230412,0.711,0.71,0.711,0.708,452831,162411.SZ
20230413,0.705,0.705,0.705,0.702,384468,162411.SZ
20230414,0.707,0.706,0.708,0.705,313198,162411.SZ
20230417,0.706,0.708,0.71,0.705,335802,162411.SZ
20230418,0.698,0.697,0.699,0.696,359735,162411.SZ
20230419,0.695,0.691,0.696,0.69,353135,162411.SZ
20230420,0.685,0.682,0.685,0.681,344944,162411.SZ
20230421,0.676,0.676,0.679,0.676,248000,162411.SZ
20230424,0.673,0.667,0.674,0.666,222386,162411.SZ
20230425,0.681,0.685,0.685,0.681,305516,162411.SZ
20230426,0.667,0.674,0.675,0.666,336527,162411.SZ
20230427,0.661,0.659,0.662,0.658,497197,162411.SZ
20230428,0.66,0.666,0.666,0.66,391720,162411.SZ
20230504,0.64,0.646,0.648,0.639,844242,162411.SZ
20230505,0.638,0.644,0.647,0.638,749113,162411.SZ
20230508,0.651,0.652,0.654,0.649,660175,162411.SZ
20230509,0.648,0.643,0.648,0.642,657787,162411.SZ
20230510,0.642,0.64,0.643,0.639,449214,162411.SZ
20230511,0.638,0.641,0.644,0.637,519971,162411.SZ
20230512,0.635,0.63,0.635,0.63,665619,162411.SZ
20230515,0.634,0.638,0.639,0.633,627815,162411.SZ
20230516,0.648,0.65,0.652,0.648,558304,162411.SZ
20230517,0.637,0.638,0.642,0.637,542780,162411.SZ
20230518,0.648,0.649,0.651,0.646,617809,162411.SZ
20230519,0.659,0.666,0.666,0.658,886018,162411.SZ
20230522,0.663,0.655,0.663,0.654,456691,162411.SZ
20230523,0.67,0.674,0.675,0.67,671561,162411.SZ
20230524,0.681,0.68,0.682,0.678,710185,162411.SZ
20230525,0.682,0.681,0.684,0.679,552345,162411.SZ
20230526,0.666,0.661,0.666,0.661,538384,162411.SZ
20230529,0.665,0.665,0.666,0.664,343599,162411.SZ
20230530,0.665,0.662,0.666,0.658,537964,162411.SZ
20230531,0.648,0.647,0.65,0.644,648051,162411.SZ
20230601,0.642,0.649,0.649,0.642,402007,162411.SZ
20230602,0.651,0.655,0.655,0.647,655769,162411.SZ
20230605,0.675,0.68,0.68,0.673,904754,162411.SZ
20230606,0.666,0.663,0.668,0.661,568340,162411.SZ
20230607,0.676,0.674,0.677,0.674,507090,162411.SZ
20230608,0.699,0.697,0.7,0.695,888783,162411.SZ
20230609,0.695,0.695,0.696,0.692,391987,162411.SZ
20230612,0.69,0.687,0.691,0.684,484394,162411.SZ
20230613,0.68,0.69,0.69,0.68,557568,162411.SZ
20230614,0.694,0.695,0.695,0.689,420613,162411.SZ
20230615,0.682,0.683,0.684,0.679,553825,162411.SZ
20230616,0.692,0.692,0.693,0.69,622154,162411.SZ
20230619,0.692,0.693,0.694,0.69,298532,162411.SZ
20230620,0.695,0.691,0.695,0.69,210522,162411.SZ
20230621,0.685,0.684,0.686,0.682,391067,162411.SZ
20230626,0.677,0.684,0.685,0.675,233679,162411.SZ
20230627,0.688,0.689,0.691,0.687,330283,162411.SZ
20230628,0.689,0.691,0.692,0.688,304171,162411.SZ
20230629,0.698,0.697,0.699,0.695,333591,162411.SZ
20230630,0.71,0.709,0.711,0.708,471998,162411.SZ
20230703,0.713,0.714,0.714,0.711,424453,162411.SZ
20230704,0.715,0.712,0.716,0.711,253511,162411.SZ
20230705,0.715,0.72,0.72,0.715,356275,162411.SZ
20230706,0.715,0.713,0.715,0.71,353880,162411.SZ
20230707,0.696,0.695,0.7,0.695,535834,162411.SZ
20230710,0.71,0.708,0.711,0.708,459473,162411.SZ
20230711,0.717,0.72,0.721,0.716,366826,162411.SZ
20230712,0.733,0.731,0.734,0.729,429367,162411.SZ
20230713,0.733,0.732,0.734,0.732,287218,162411.SZ
20230714,0.733,0.726,0.734,0.726,323316,162411.SZ
20230717,0.709,0.706,0.711,0.705,617235,162411.SZ
20230718,0.711,0.712,0.713,0.711,293985,162411.SZ
20230719,0.729,0.737,0.739,0.728,541630,162411.SZ
20230720,0.737,0.733,0.737,0.731,383051,162411.SZ
20230721,0.741,0.748,0.749,0.741,534746,162411.SZ
20230724,0.745,0.748,0.75,0.743,296308,162411.SZ
20230725,0.758,0.758,0.762,0.757,637269,162411.SZ
20230726,0.757,0.751,0.76,0.75,810912,162411.SZ
20230727,0.758,0.761,0.763,0.758,397942,162411.SZ
20230728,0.754,0.753,0.757,0.75,532430,162411.SZ
20230731,0.763,0.765,0.766,0.761,475094,162411.SZ
20230801,0.779,0.781,0.783,0.777,654896,162411.SZ
20230802,0.784,0.782,0.788,0.782,517801,162411.SZ
20230803,0.767,0.762,0.772,0.761,771430,162411.SZ
20230804,0.779,0.783,0.784,0.779,530167,162411.SZ
20230807,0.786,0.793,0.795,0.785,501625,162411.SZ
20230808,0.796,0.786,0.797,0.786,371679,162411.SZ
20230809,0.797,0.804,0.804,0.796,499151,162411.SZ
20230810,0.814,0.82,0.821,0.814,728457,162411.SZ
20230811,0.805,0.811,0.811,0.805,555158,162411.SZ
20230814,0.818,0.816,0.823,0.81,879349,162411.SZ
20230815,0.813,0.819,0.821,0.811,635225,162411.SZ
20230816,0.8,0.794,0.802,0.794,883308,162411.SZ
20230817,0.793,0.795,0.795,0.784,809136,162411.SZ
20230818,0.809,0.811,0.812,0.807,690381,162411.SZ
20230821,0.819,0.824,0.825,0.819,568763,162411.SZ
20230822,0.818,0.815,0.818,0.811,659831,162411.SZ
20230823,0.806,0.806,0.81,0.805,500273,162411.SZ
20230824,0.797,0.796,0.8,0.794,740010,162411.SZ
20230825,0.79,0.794,0.795,0.789,1001859,162411.SZ
20230828,0.797,0.807,0.807,0.797,825031,162411.SZ
20230829,0.807,0.803,0.809,0.801,528013,162411.SZ
20230830,0.81,0.815,0.817,0.808,603809,162411.SZ
20230831,0.816,0.816,0.82,0.816,419919,162411.SZ
20230901,0.818,0.817,0.82,0.814,421251,162411.SZ
20230904,0.834,0.835,0.835,0.83,622071,162411.SZ
20230905,0.836,0.837,0.84,0.835,338523,162411.SZ
20230906,0.835,0.836,0.842,0.834,504026,162411.SZ
20230907,0.836,0.833,0.837,0.829,467141,162411.SZ
20230908,0.83,0.838,0.838,0.83,396265,162411.SZ
20230911,0.847,0.848,0.848,0.843,475648,162411.SZ
20230912,0.832,0.824,0.833,0.822,926437,162411.SZ
20230913,0.845,0.849,0.85,0.841,801123,162411.SZ
20230914,0.838,0.846,0.846,0.835,740105,162411.SZ
20230915,0.847,0.844,0.847,0.842,694892,162411.SZ
20230918,0.826,0.834,0.836,0.824,573715,162411.SZ
20230919,0.827,0.822,0.829,0.821,732902,162411.SZ
20230920,0.811,0.801,0.811,0.801,1008525,162411.SZ
20230921,0.794,0.787,0.797,0.785,1233912,162411.SZ
20230922,0.789,0.799,0.803,0.789,689690,162411.SZ
20230925,0.798,0.796,0.798,0.792,303509,162411.SZ
20230926,0.803,0.8,0.804,0.796,634266,162411.SZ
20230927,0.804,0.808,0.81,0.803,404319,162411.SZ
20230928,0.83,0.834,0.836,0.83,838162,162411.SZ
20231009,0.803,0.799,0.805,0.796,1555417,162411.SZ
20231010,0.806,0.802,0.807,0.801,648613,162411.SZ
20231011,0.803,0.806,0.806,0.8,507529,162411.SZ
20231012,0.8,0.797,0.801,0.795,782717,162411.SZ
20231013,0.8,0.804,0.805,0.8,496350,162411.SZ
20231016,0.818,0.822,0.824,0.818,906556,162411.SZ
20231017,0.824,0.824,0.827,0.82,652883,162411.SZ
20231018,0.839,0.842,0.845,0.839,799103,162411.SZ
20231019,0.843,0.84,0.844,0.838,667436,162411.SZ
20231020,0.842,0.844,0.846,0.841,754042,162411.SZ
20231023,0.823,0.818,0.827,0.811,795439,162411.SZ
20231024,0.813,0.809,0.814,0.808,503574,162411.SZ
20231025,0.8,0.802,0.804,0.796,796181,162411.SZ
20231026,0.803,0.8,0.809,0.799,423887,162411.SZ
20231027,0.803,0.814,0.814,0.802,654841,162411.SZ
20231030,0.795,0.796,0.799,0.792,1055323,162411.SZ
20231031,0.793,0.796,0.797,0.792,449837,162411.SZ
20231101,0.799,0.801,0.802,0.798,464024,162411.SZ
20231102,0.801,0.804,0.805,0.8,420207,162411.SZ
20231103,0.819,0.819,0.819,0.815,469306,162411.SZ
20231106,0.811,0.809,0.813,0.807,585813,162411.SZ
20231107,0.788,0.787,0.79,0.786,765166,162411.SZ
20231108,0.766,0.774,0.775,0.766,802736,162411.SZ
20231109,0.764,0.761,0.764,0.757,1096183,162411.SZ
20231110,0.756,0.76,0.761,0.755,734482,162411.SZ
20231113,0.759,0.759,0.76,0.756,538219,162411.SZ
20231114,0.767,0.768,0.769,0.765,709235,162411.SZ
20231115,0.772,0.775,0.776,0.77,803372,162411.SZ
20231116,0.768,0.769,0.769,0.766,621095,162411.SZ
20231117,0.755,0.751,0.755,0.75,824514,162411.SZ
20231120,0.763,0.764,0.766,0.761,751594,162411.SZ
20231121,0.761,0.757,0.762,0.756,629470,162411.SZ
20231122,0.755,0.753,0.756,0.752,367300,162411.SZ
20231123,0.749,0.751,0.752,0.748,400278,162411.SZ
20231124,0.752,0.753,0.754,0.751,260894,162411.SZ
20231127,0.753,0.753,0.756,0.75,347503,162411.SZ
20231128,0.752,0.753,0.754,0.75,339317,162411.SZ
20231129,0.754,0.749,0.754,0.748,493502,162411.SZ
20231130,0.747,0.75,0.751,0.744,564647,162411.SZ
20231201,0.747,0.755,0.756,0.746,499929,162411.SZ
20231204,0.755,0.751,0.755,0.75,266920,162411.SZ
20231205,0.749,0.746,0.75,0.746,414064,162411.SZ
20231206,0.736,0.734,0.738,0.733,566435,162411.SZ
20231207,0.72,0.718,0.72,0.716,506809,162411.SZ
20231208,0.716,0.725,0.728,0.715,1047944,162411.SZ
20231211,0.726,0.732,0.733,0.725,390966,162411.SZ
20231212,0.73,0.73,0.731,0.726,285163,162411.SZ
20231213,0.711,0.708,0.714,0.708,722323,162411.SZ
20231214,0.723,0.723,0.724,0.72,444315,162411.SZ
20231215,0.744,0.747,0.747,0.743,764955,162411.SZ
20231218,0.744,0.754,0.754,0.744,398868,162411.SZ
20231219,0.755,0.751,0.756,0.749,415759,162411.SZ
20231220,0.76,0.765,0.765,0.759,764103,162411.SZ
20231221,0.749,0.759,0.759,0.748,584190,162411.SZ
20231222,0.764,0.771,0.773,0.762,714082,162411.SZ
20231225,0.772,0.767,0.772,0.757,610183,162411.SZ
20231226,0.762,0.769,0.773,0.762,506384,162411.SZ
20231227,0.775,0.781,0.782,0.775,551550,162411.SZ
20231228,0.776,0.769,0.778,0.766,748082,162411.SZ
20231229,0.754,0.755,0.759,0.753,843783,162411.SZ
20240102,0.757,0.766,0.767,0.757,725044,162411.SZ
20240103,0.759,0.756,0.761,0.756,394765,162411.SZ
20240104,0.766,0.771,0.772,0.766,751438,162411.SZ
20240105,0.756,0.755,0.758,0.754,774892,162411.SZ
20240108,0.756,0.74,0.758,0.737,827069,162411.SZ
20240109,0.73,0.74,0.745,0.73,569649,162411.SZ
20240110,0.739,0.738,0.742,0.737,386829,162411.SZ
20240111,0.733,0.736,0.736,0.73,474904,162411.SZ
20240112,0.737,0.741,0.742,0.737,1027931,162411.SZ
20240115,0.738,0.741,0.742,0.738,365955,162411.SZ
20240116,0.74,0.74,0.741,0.738,380014,162411.SZ
20240117,0.721,0.717,0.724,0.717,658915,162411.SZ
20240118,0.715,0.717,0.718,0.713,476072,162411.SZ
20240119,0.717,0.714,0.717,0.712,364201,162411.SZ
20240122,0.713,0.709,0.714,0.708,434974,162411.SZ
20240123,0.715,0.718,0.719,0.714,541958,162411.SZ
20240124,0.715,0.719,0.722,0.714,574760,162411.SZ
20240125,0.726,0.724,0.726,0.72,778674,162411.SZ
20240126,0.732,0.735,0.736,0.731,499528,162411.SZ
20240129,0.738,0.744,0.744,0.738,457386,162411.SZ
20240130,0.742,0.74,0.743,0.737,521622,162411.SZ
20240131,0.75,0.75,0.753,0.748,597271,162411.SZ
20240201,0.734,0.731,0.736,0.73,577622,162411.SZ
20240202,0.729,0.728,0.732,0.724,704657,162411.SZ
20240205,0.721,0.721,0.725,0.718,362432,162411.SZ
20240206,0.719,0.72,0.72,0.716,517666,162411.SZ
20240207,0.723,0.724,0.726,0.722,390975,162411.SZ
20240208,0.73,0.737,0.737,0.728,393067,162411.SZ
20240219,0.756,0.752,0.757,0.75,686840,162411.SZ
20240220,0.752,0.754,0.756,0.752,277175,162411.SZ
20240221,0.747,0.745,0.748,0.743,814716,162411.SZ
20240222,0.764,0.767,0.772,0.76,1226387,162411.SZ
20240223,0.765,0.766,0.768,0.763,375284,162411.SZ
20240226,0.759,0.762,0.764,0.758,233662,162411.SZ
20240227,0.767,0.766,0.768,0.766,256102,162411.SZ
20240228,0.767,0.772,0.773,0.766,526225,162411.SZ
20240229,0.765,0.766,0.769,0.764,268372,162411.SZ
20240301,0.77,0.778,0.779,0.769,624324,162411.SZ
20240304,0.789,0.789,0.793,0.786,680220,162411.SZ
20240305,0.777,0.777,0.782,0.773,511821,162411.SZ
20240306,0.779,0.779,0.78,0.774,646660,162411.SZ
20240307,0.78,0.776,0.782,0.775,392497,162411.SZ
20240308,0.781,0.785,0.786,0.781,435513,162411.SZ
20240311,0.781,0.781,0.783,0.78,311427,162411.SZ
20240312,0.787,0.788,0.789,0.784,509500,162411.SZ
20240313,0.788,0.793,0.793,0.786,378746,162411.SZ
20240314,0.807,0.806,0.809,0.806,437142,162411.SZ
20240315,0.81,0.815,0.816,0.81,832404,162411.SZ
20240318,0.816,0.818,0.821,0.816,636633,162411.SZ
20240319,0.818,0.813,0.818,0.811,533068,162411.SZ
20240320,0.821,0.819,0.824,0.819,366162,162411.SZ
20240321,0.824,0.826,0.829,0.824,414361,162411.SZ
20240322,0.827,0.837,0.838,0.827,652272,162411.SZ
20240325,0.837,0.84,0.84,0.831,616274,162411.SZ
20240326,0.846,0.843,0.849,0.842,551370,162411.SZ
20240327,0.826,0.828,0.832,0.825,468681,162411.SZ
20240328,0.842,0.842,0.844,0.84,413972,162411.SZ
20240329,0.853,0.864,0.865,0.853,955081,162411.SZ
20240401,0.871,0.882,0.884,0.859,1253083,162411.SZ
20240402,0.869,0.876,0.913,0.869,2446849,162411.SZ
20240403,0.887,0.886,0.899,0.882,1386114,162411.SZ
20240408,0.876,0.881,0.901,0.872,1613009,162411.SZ
20240409,0.881,0.876,0.883,0.869,1328014,162411.SZ
20240410,0.875,0.875,0.876,0.871,815868,162411.SZ
20240411,0.878,0.883,0.885,0.875,1194145,162411.SZ
20240412,0.879,0.883,0.89,0.877,1382599,162411.SZ
20240415,0.87,0.864,0.875,0.86,1581053,162411.SZ
20240416,0.855,0.84,0.857,0.838,1349707,162411.SZ
20240417,0.836,0.838,0.843,0.833,955857,162411.SZ
20240418,0.83,0.833,0.834,0.823,1012998,162411.SZ
20240419,0.837,0.84,0.854,0.837,2675779,162411.SZ
20240422,0.832,0.829,0.836,0.827,753536,162411.SZ
20240423,0.843,0.841,0.844,0.839,596011,162411.SZ
20240424,0.848,0.852,0.854,0.847,518775,162411.SZ
20240425,0.851,0.852,0.852,0.849,589167,162411.SZ
20240426,0.858,0.862,0.865,0.858,885680,162411.SZ
20240429,0.853,0.853,0.858,0.851,810780,162411.SZ
20240430,0.859,0.858,0.86,0.855,605207,162411.SZ
20240506,0.828,0.829,0.83,0.821,1331544,162411.SZ
20240507,0.836,0.831,0.836,0.831,612391,162411.SZ
20240508,0.827,0.83,0.831,0.827,304904,162411.SZ
20240509,0.831,0.834,0.834,0.83,706602,162411.SZ
20240510,0.841,0.841,0.842,0.839,626210,162411.SZ
20240513,0.822,0.824,0.824,0.819,687624,162411.SZ
20240514,0.824,0.822,0.824,0.82,380549,162411.SZ
20240515,0.826,0.83,0.831,0.825,610822,162411.SZ
20240516,0.83,0.832,0.832,0.826,440548,162411.SZ
20240517,0.826,0.828,0.829,0.825,453820,162411.SZ
20240520,0.835,0.844,0.853,0.834,2023627,162411.SZ
20240521,0.841,0.836,0.846,0.834,1100046,162411.SZ
20240522,0.83,0.831,0.836,0.83,561918,162411.SZ
20240523,0.823,0.821,0.823,0.819,858495,162411.SZ
20240524,0.814,0.814,0.817,0.812,604457,162411.SZ
20240527,0.818,0.821,0.822,0.817,363000,162411.SZ
20240528,0.826,0.826,0.828,0.824,376146,162411.SZ
20240529,0.835,0.835,0.836,0.828,830043,162411.SZ
20240530,0.819,0.817,0.824,0.815,710282,162411.SZ
20240531,0.815,0.821,0.823,0.814,514944,162411.SZ
20240603,0.834,0.828,0.835,0.826,1376139,162411.SZ
20240604,0.81,0.805,0.811,0.804,921844,162411.SZ
20240605,0.802,0.802,0.805,0.8,831195,162411.SZ
20240606,0.805,0.805,0.806,0.804,467138,162411.SZ
20240607,0.808,0.805,0.809,0.805,433790,162411.SZ
20240611,0.815,0.814,0.818,0.812,653842,162411.SZ
20240612,0.816,0.821,0.822,0.816,508080,162411.SZ
20240613,0.812,0.808,0.812,0.806,499933,162411.SZ
20240614,0.797,0.799,0.801,0.796,395474,162411.SZ
20240617,0.79,0.785,0.79,0.784,559090,162411.SZ
20240618,0.787,0.788,0.789,0.787,441177,162411.SZ
20240619,0.79,0.789,0.79,0.788,282304,162411.SZ
20240620,0.788,0.788,0.789,0.784,396622,162411.SZ
20240621,0.794,0.797,0.799,0.793,632673,162411.SZ
20240624,0.789,0.788,0.789,0.786,335359,162411.SZ
20240625,0.806,0.803,0.808,0.801,720887,162411.SZ
20240626,0.803,0.809,0.81,0.802,469609,162411.SZ
20240627,0.802,0.8,0.803,0.795,472133,162411.SZ
20240628,0.803,0.808,0.808,0.802,477241,162411.SZ
20240701,0.809,0.81,0.811,0.805,413405,162411.SZ
20240702,0.811,0.81,0.812,0.808,498491,162411.SZ
20240703,0.81,0.81,0.813,0.809,432969,162411.SZ
20240704,0.816,0.82,0.82,0.814,662486,162411.SZ
20240705,0.82,0.824,0.826,0.818,818934,162411.SZ
20240708,0.801,0.797,0.803,0.796,809784,162411.SZ
20240709,0.797,0.797,0.8,0.796,548082,162411.SZ
20240710,0.791,0.787,0.793,0.785,790222,162411.SZ
20240711,0.792,0.795,0.796,0.791,611421,162411.SZ
20240712,0.804,0.808,0.81,0.803,816890,162411.SZ
20240715,0.808,0.81,0.818,0.804,731530,162411.SZ
20240716,0.82,0.816,0.822,0.815,824721,162411.SZ
20240717,0.816,0.818,0.822,0.815,733989,162411.SZ
20240718,0.822,0.824,0.827,0.819,1219284,162411.SZ
20240719,0.815,0.81,0.815,0.809,983636,162411.SZ
20240722,0.806,0.802,0.807,0.802,629637,162411.SZ
20240723,0.8,0.801,0.802,0.799,401141,162411.SZ
20240724,0.79,0.79,0.792,0.787,724145,162411.SZ
20240725,0.783,0.781,0.784,0.779,540648,162411.SZ
20240726,0.791,0.791,0.794,0.79,665893,162411.SZ
20240729,0.796,0.801,0.802,0.794,469227,162411.SZ
20240730,0.787,0.787,0.788,0.785,258122,162411.SZ
20240731,0.797,0.804,0.804,0.795,732228,162411.SZ
20240801,0.81,0.802,0.811,0.801,845570,162411.SZ
20240802,0.778,0.775,0.784,0.771,1119189,162411.SZ
20240805,0.735,0.729,0.743,0.726,1474036,162411.SZ
20240806,0.73,0.728,0.734,0.726,978374,162411.SZ
20240807,0.726,0.728,0.731,0.719,610234,162411.SZ
20240808,0.731,0.729,0.733,0.728,586510,162411.SZ
20240809,0.747,0.749,0.751,0.747,908324,162411.SZ
20240812,0.751,0.752,0.754,0.75,574634,162411.SZ
20240813,0.761,0.762,0.762,0.758,645463,162411.SZ
20240814,0.755,0.755,0.756,0.753,649318,162411.SZ
20240815,0.756,0.756,0.757,0.755,317757,162411.SZ
20240816,0.767,0.769,0.77,0.767,340792,162411.SZ
20240819,0.764,0.761,0.765,0.76,274702,162411.SZ
20240820,0.768,0.767,0.769,0.764,279954,162411.SZ
20240821,0.751,0.753,0.753,0.748,319994,162411.SZ
20240822,0.751,0.749,0.752,0.748,253667,162411.SZ
20240823,0.75,0.753,0.754,0.749,288512,162411.SZ
20240826,0.766,0.765,0.767,0.763,626051,162411.SZ
20240827,0.768,0.771,0.772,0.767,693050,162411.SZ
20240828,0.761,0.759,0.762,0.757,357200,162411.SZ
20240829,0.756,0.756,0.758,0.755,235067,162411.SZ
20240830,0.765,0.766,0.767,0.764,333245,162411.SZ
20240902,0.761,0.76,0.762,0.759,158660,162411.SZ
20240903,0.764,0.766,0.766,0.763,220642,162411.SZ
20240904,0.737,0.735,0.743,0.734,576903,162411.SZ
20240905,0.73,0.73,0.731,0.728,906451,162411.SZ
20240906,0.724,0.728,0.728,0.722,476355,162411.SZ
20240909,0.719,0.719,0.723,0.717,507190,162411.SZ
20240910,0.715,0.709,0.715,0.708,610743,162411.SZ
20240911,0.701,0.703,0.703,0.696,955990,162411.SZ
20240912,0.703,0.708,0.708,0.701,584839,162411.SZ
20240913,0.709,0.706,0.709,0.704,564124,162411.SZ
20240918,0.72,0.723,0.725,0.718,834023,162411.SZ
20240919,0.726,0.732,0.733,0.725,548212,162411.SZ
20240920,0.738,0.73,0.739,0.729,649291,162411.SZ
20240923,0.732,0.733,0.734,0.731,373056,162411.SZ
20240924,0.736,0.738,0.739,0.735,521002,162411.SZ
20240925,0.732,0.728,0.733,0.727,470705,162411.SZ
20240926,0.721,0.714,0.721,0.709,764242,162411.SZ
20240927,0.705,0.698,0.706,0.691,2281009,162411.SZ
20240930,0.704,0.719,0.719,0.704,1645075,162411.SZ
20241008,0.769,0.764,0.771,0.751,2259495,162411.SZ
20241009,0.749,0.743,0.749,0.738,761877,162411.SZ
20241010,0.748,0.75,0.75,0.746,466590,162411.SZ
20241011,0.757,0.755,0.759,0.752,623367,162411.SZ
20241014,0.758,0.761,0.762,0.757,573825,162411.SZ
20241015,0.746,0.745,0.749,0.744,588521,162411.SZ
20241016,0.732,0.733,0.735,0.729,713101,162411.SZ
20241017,0.74,0.74,0.742,0.738,847686,162411.SZ
20241018,0.747,0.746,0.748,0.745,638299,162411.SZ
20241021,0.737,0.743,0.743,0.736,461764,162411.SZ
20241022,0.739,0.739,0.741,0.738,591340,162411.SZ
20241023,0.743,0.742,0.744,0.74,368123,162411.SZ
20241024,0.739,0.738,0.741,0.738,388571,162411.SZ
20241025,0.74,0.74,0.741,0.739,289113,162411.SZ
20241028,0.73,0.732,0.733,0.73,580329,162411.SZ
20241029,0.731,0.729,0.731,0.729,297075,162411.SZ
20241030,0.728,0.726,0.728,0.723,481835,162411.SZ
20241031,0.729,0.728,0.73,0.727,422101,162411.SZ
20241101,0.726,0.725,0.726,0.724,579635,162411.SZ
20241104,0.72,0.721,0.723,0.718,482296,162411.SZ
20241105,0.726,0.726,0.728,0.725,464140,162411.SZ
20241106,0.73,0.747,0.749,0.73,1573085,162411.SZ
20241107,0.771,0.773,0.774,0.768,1116351,162411.SZ
20241108,0.77,0.762,0.771,0.76,713349,162411.SZ
20241111,0.769,0.772,0.773,0.764,499912,162411.SZ
20241112,0.785,0.786,0.787,0.783,577527,162411.SZ
20241113,0.781,0.78,0.782,0.777,414571,162411.SZ
20241114,0.786,0.785,0.788,0.782,354923,162411.SZ
20241115,0.789,0.788,0.789,0.784,488508,162411.SZ
20241118,0.784,0.787,0.789,0.782,905028,162411.SZ
20241119,0.798,0.802,0.802,0.798,514418,162411.SZ
20241120,0.798,0.796,0.799,0.794,372402,162411.SZ
20241121,0.809,0.81,0.811,0.805,531814,162411.SZ
20241122,0.819,0.816,0.827,0.816,1344356,162411.SZ
20241125,0.825,0.828,0.829,0.824,727819,162411.SZ
20241126,0.808,0.809,0.813,0.808,583083,162411.SZ
20241127,0.806,0.808,0.809,0.805,570867,162411.SZ
20241128,0.809,0.806,0.81,0.806,326327,162411.SZ
20241129,0.807,0.808,0.809,0.807,242447,162411.SZ
20241202,0.806,0.81,0.811,0.806,400033,162411.SZ
20241203,0.8,0.802,0.804,0.8,506376,162411.SZ
20241204,0.803,0.802,0.804,0.801,292960,162411.SZ
20241205,0.781,0.777,0.786,0.775,988338,162411.SZ
20241206,0.774,0.771,0.775,0.77,1070299,162411.SZ
20241209,0.761,0.766,0.767,0.759,924506,162411.SZ
20241210,0.766,0.771,0.771,0.764,1006805,162411.SZ
20241211,0.766,0.77,0.771,0.765,640835,162411.SZ
20241212,0.776,0.778,0.779,0.772,922923,162411.SZ
20241213,0.772,0.769,0.773,0.767,578295,162411.SZ
20241216,0.765,0.762,0.766,0.761,366531,162411.SZ
20241217,0.748,0.75,0.751,0.746,684854,162411.SZ
