date,open,close,high,low,volume,symbol
20220831,3.263,3.263,3.263,3.263,190473,508068.SH
20220901,3.36,3.414,3.45,3.263,475915,508068.SH
20220902,3.415,3.389,3.418,3.387,88893,508068.SH
20220905,3.391,3.378,3.4,3.357,30995,508068.SH
20220906,3.376,3.372,3.376,3.35,38398,508068.SH
20220907,3.38,3.381,3.386,3.37,18491,508068.SH
20220908,3.385,3.387,3.39,3.385,23673,508068.SH
20220909,3.387,3.402,3.406,3.387,20259,508068.SH
20220913,3.406,3.395,3.417,3.391,25863,508068.SH
20220914,3.391,3.392,3.407,3.377,29842,508068.SH
20220915,3.391,3.393,3.4,3.386,23042,508068.SH
20220916,3.393,3.391,3.399,3.387,33904,508068.SH
20220919,3.391,3.385,3.399,3.379,26925,508068.SH
20220920,3.385,3.374,3.391,3.373,33815,508068.SH
20220921,3.373,3.373,3.376,3.356,30903,508068.SH
20220922,3.373,3.379,3.38,3.366,15899,508068.SH
20220923,3.379,3.387,3.394,3.372,32750,508068.SH
20220926,3.389,3.379,3.391,3.375,27847,508068.SH
20220927,3.379,3.382,3.385,3.368,50823,508068.SH
20220928,3.382,3.383,3.39,3.368,17988,508068.SH
20220929,3.383,3.374,3.387,3.372,31672,508068.SH
20220930,3.374,3.38,3.393,3.37,28332,508068.SH
20221010,3.38,3.342,3.38,3.33,22264,508068.SH
20221011,3.342,3.282,3.35,3.263,30267,508068.SH
20221012,3.276,3.277,3.285,3.262,19040,508068.SH
20221013,3.258,3.292,3.3,3.258,21570,508068.SH
20221014,3.288,3.301,3.321,3.263,13053,508068.SH
20221017,3.302,3.302,3.319,3.302,7853,508068.SH
20221018,3.302,3.302,3.31,3.298,11391,508068.SH
20221019,3.301,3.291,3.308,3.288,8654,508068.SH
20221020,3.29,3.271,3.308,3.266,13578,508068.SH
20221021,3.271,3.24,3.272,3.235,20849,508068.SH
20221024,3.24,3.215,3.269,3.195,21362,508068.SH
20221025,3.231,3.188,3.231,3.178,13621,508068.SH
20221026,3.187,3.185,3.211,3.1,13285,508068.SH
20221027,3.191,3.233,3.293,3.191,36328,508068.SH
20221028,3.233,3.21,3.261,3.201,20954,508068.SH
20221031,3.21,3.199,3.226,3.128,33287,508068.SH
20221101,3.195,3.219,3.241,3.166,15328,508068.SH
20221102,3.22,3.256,3.268,3.22,12104,508068.SH
20221103,3.256,3.241,3.262,3.217,17394,508068.SH
20221104,3.241,3.29,3.297,3.241,28694,508068.SH
20221107,3.286,3.279,3.305,3.266,20797,508068.SH
20221108,3.278,3.272,3.286,3.249,7173,508068.SH
20221109,3.272,3.255,3.307,3.247,16986,508068.SH
20221110,3.253,3.262,3.263,3.24,7879,508068.SH
20221111,3.27,3.264,3.3,3.24,11083,508068.SH
20221114,3.246,3.245,3.259,3.228,12756,508068.SH
20221115,3.245,3.206,3.26,3.203,11069,508068.SH
20221116,3.204,3.035,3.205,2.95,27632,508068.SH
20221117,3.126,3.156,3.201,3.051,49276,508068.SH
20221118,3.149,3.136,3.149,3.055,25661,508068.SH
20221121,3.1,3.137,3.153,3.1,9323,508068.SH
20221122,3.134,3.121,3.151,3.097,4847,508068.SH
20221123,3.121,3.101,3.122,3.099,8348,508068.SH
20221124,3.101,3.075,3.101,3.068,14612,508068.SH
20221125,3.075,3.081,3.098,3.075,10046,508068.SH
20221128,3.081,3.074,3.085,3.073,3597,508068.SH
20221129,3.074,3.078,3.089,3.064,13784,508068.SH
20221130,3.077,3.07,3.077,3.066,4480,508068.SH
20221201,3.07,3.085,3.094,3.06,7261,508068.SH
20221202,3.084,3.116,3.131,3.084,15783,508068.SH
20221205,3.115,3.168,3.2,3.115,13873,508068.SH
20221206,3.168,3.166,3.189,3.152,15534,508068.SH
20221207,3.167,3.156,3.17,3.151,8912,508068.SH
20221208,3.156,3.156,3.191,3.147,13116,508068.SH
20221209,3.155,3.137,3.158,3.133,9685,508068.SH
20221212,3.133,3.119,3.133,3.117,7189,508068.SH
20221213,3.119,3.093,3.119,3.088,7440,508068.SH
20221214,3.089,3.086,3.095,3.085,2838,508068.SH
20221215,3.085,3.091,3.096,3.085,3361,508068.SH
20221216,3.091,3.092,3.093,3.075,4717,508068.SH
20221219,3.092,3.059,3.092,3.056,10286,508068.SH
20221220,3.059,3.0,3.059,2.991,17690,508068.SH
20221221,3.0,2.934,3.0,2.916,35291,508068.SH
20221222,2.934,2.929,2.934,2.916,35609,508068.SH
20221223,2.925,2.97,2.975,2.92,20161,508068.SH
20221226,2.999,2.968,2.999,2.959,25572,508068.SH
20221227,2.922,2.934,2.971,2.922,32927,508068.SH
20221228,2.933,2.913,2.934,2.906,32276,508068.SH
20221229,2.913,2.867,2.933,2.819,47556,508068.SH
20221230,2.863,2.845,2.863,2.812,39424,508068.SH
20230103,2.843,2.824,2.843,2.815,30484,508068.SH
20230104,2.824,2.816,2.824,2.805,26887,508068.SH
20230105,2.81,2.81,2.839,2.793,31965,508068.SH
20230106,2.81,2.84,2.871,2.806,31191,508068.SH
20230109,2.84,2.837,2.859,2.832,28506,508068.SH
20230110,2.84,2.841,2.848,2.831,19752,508068.SH
20230111,2.841,2.85,2.854,2.836,25787,508068.SH
20230112,2.85,2.847,2.878,2.839,17726,508068.SH
20230113,2.847,2.833,2.858,2.82,12773,508068.SH
20230116,2.838,2.823,2.838,2.816,40585,508068.SH
20230117,2.823,2.817,2.823,2.799,38215,508068.SH
20230118,2.818,2.829,2.846,2.792,40597,508068.SH
20230119,2.833,2.821,2.833,2.793,41381,508068.SH
20230120,2.821,2.833,2.837,2.816,18640,508068.SH
20230130,2.834,2.85,2.854,2.834,29797,508068.SH
20230131,2.85,2.879,2.907,2.849,58526,508068.SH
20230201,2.879,2.936,2.95,2.876,54665,508068.SH
20230202,2.936,2.936,2.95,2.911,29969,508068.SH
20230203,2.936,2.954,2.955,2.913,39776,508068.SH
20230206,2.955,2.959,2.98,2.9,35932,508068.SH
20230207,2.955,2.949,2.958,2.94,30152,508068.SH
20230208,2.949,2.949,2.967,2.93,36358,508068.SH
20230209,2.949,2.95,2.964,2.931,32769,508068.SH
20230210,2.95,2.957,2.965,2.942,26708,508068.SH
20230213,2.957,2.97,2.984,2.948,34717,508068.SH
20230214,2.97,2.992,2.996,2.96,34989,508068.SH
20230215,2.992,2.991,3.022,2.962,49329,508068.SH
20230216,2.989,2.972,2.991,2.962,29384,508068.SH
20230217,2.972,2.995,2.998,2.962,34230,508068.SH
20230220,2.995,2.995,3.002,2.975,31499,508068.SH
20230221,2.995,3.007,3.022,2.985,46744,508068.SH
20230222,3.002,3.002,3.043,2.98,45944,508068.SH
20230223,3.002,2.999,3.007,2.969,17142,508068.SH
20230224,3.001,2.97,3.014,2.96,46501,508068.SH
20230227,2.968,2.965,2.981,2.946,59924,508068.SH
20230228,2.965,2.948,2.971,2.929,36021,508068.SH
20230301,2.948,2.951,2.973,2.928,39317,508068.SH
20230302,2.95,2.951,2.974,2.927,39282,508068.SH
20230303,2.947,2.941,2.966,2.931,41390,508068.SH
20230306,2.942,2.928,2.942,2.916,38545,508068.SH
20230307,2.927,2.899,2.938,2.896,39961,508068.SH
20230308,2.898,2.885,2.904,2.878,35452,508068.SH
20230309,2.884,2.886,2.9,2.88,28316,508068.SH
20230310,2.886,2.884,2.898,2.881,34854,508068.SH
20230313,2.854,2.887,2.892,2.854,30813,508068.SH
20230314,2.887,2.893,2.899,2.872,43390,508068.SH
20230315,2.893,2.895,2.919,2.893,29018,508068.SH
20230316,2.893,2.89,2.897,2.875,17656,508068.SH
20230317,2.892,2.886,2.908,2.882,23566,508068.SH
20230320,2.886,2.877,2.904,2.874,24460,508068.SH
20230321,2.877,2.87,2.883,2.861,22849,508068.SH
20230322,2.87,2.86,2.874,2.844,29952,508068.SH
20230323,2.858,2.863,2.867,2.855,14728,508068.SH
20230324,2.863,2.855,2.863,2.84,18427,508068.SH
20230327,2.854,2.863,2.868,2.84,28771,508068.SH
20230328,2.865,2.865,2.879,2.859,17577,508068.SH
20230329,2.863,2.845,2.863,2.82,25696,508068.SH
20230330,2.84,2.822,2.857,2.805,29019,508068.SH
20230331,2.825,2.87,2.877,2.824,46474,508068.SH
20230403,2.87,2.861,2.87,2.805,38306,508068.SH
20230404,2.859,2.857,2.874,2.847,36816,508068.SH
20230406,2.857,2.844,2.858,2.822,26474,508068.SH
20230407,2.844,2.851,2.853,2.835,22640,508068.SH
20230410,2.853,2.848,2.867,2.838,13090,508068.SH
20230411,2.832,2.845,2.848,2.83,25202,508068.SH
20230412,2.832,2.83,2.846,2.823,17695,508068.SH
20230413,2.822,2.83,2.844,2.81,41369,508068.SH
20230414,2.832,2.831,2.843,2.82,24640,508068.SH
20230417,2.835,2.855,2.863,2.831,29387,508068.SH
20230418,2.859,2.881,2.895,2.859,36388,508068.SH
20230419,2.888,2.877,2.905,2.866,28306,508068.SH
20230420,2.877,2.872,2.888,2.848,34375,508068.SH
20230421,2.872,2.861,2.89,2.851,30458,508068.SH
20230424,2.855,2.863,2.871,2.852,31896,508068.SH
20230425,2.863,2.862,2.869,2.85,18673,508068.SH
20230426,2.857,2.838,2.862,2.838,15689,508068.SH
20230427,2.838,2.833,2.847,2.805,20133,508068.SH
20230428,2.827,2.827,2.833,2.796,42257,508068.SH
20230504,2.822,2.791,2.822,2.774,52702,508068.SH
20230505,2.781,2.751,2.781,2.725,47894,508068.SH
20230508,2.751,2.726,2.753,2.722,11813,508068.SH
20230509,2.727,2.73,2.742,2.717,26095,508068.SH
20230510,2.729,2.783,2.79,2.725,27568,508068.SH
20230511,2.784,2.793,2.818,2.771,31972,508068.SH
20230512,2.779,2.814,2.82,2.754,41923,508068.SH
20230515,2.813,2.798,2.826,2.772,44393,508068.SH
20230516,2.795,2.793,2.802,2.78,15722,508068.SH
20230517,2.793,2.782,2.812,2.761,30955,508068.SH
20230518,2.784,2.771,2.79,2.748,34168,508068.SH
20230519,2.771,2.747,2.776,2.728,38552,508068.SH
20230522,2.74,2.738,2.742,2.717,29473,508068.SH
20230523,2.737,2.733,2.738,2.709,18643,508068.SH
20230524,2.729,2.731,2.74,2.699,34883,508068.SH
20230525,2.731,2.706,2.745,2.694,46667,508068.SH
20230526,2.699,2.704,2.706,2.688,18817,508068.SH
20230529,2.704,2.7,2.707,2.689,8658,508068.SH
20230530,2.7,2.688,2.7,2.676,21696,508068.SH
20230531,2.691,2.663,2.691,2.648,24164,508068.SH
20230601,2.663,2.639,2.663,2.624,22288,508068.SH
20230602,2.636,2.655,2.655,2.608,40104,508068.SH
20230605,2.655,2.621,2.655,2.607,30802,508068.SH
20230606,2.621,2.588,2.621,2.563,14906,508068.SH
20230607,2.579,2.595,2.596,2.574,18968,508068.SH
20230608,2.595,2.642,2.648,2.593,22278,508068.SH
20230609,2.643,2.641,2.648,2.638,14749,508068.SH
20230612,2.603,2.629,2.635,2.603,12552,508068.SH
20230613,2.614,2.613,2.629,2.613,17994,508068.SH
20230614,2.613,2.61,2.614,2.604,17477,508068.SH
20230615,2.603,2.613,2.619,2.59,11245,508068.SH
20230616,2.614,2.622,2.628,2.614,11688,508068.SH
20230619,2.622,2.618,2.622,2.617,5955,508068.SH
20230620,2.62,2.609,2.62,2.608,10188,508068.SH
20230621,2.591,2.594,2.606,2.589,8612,508068.SH
20230626,2.553,2.567,2.603,2.553,17734,508068.SH
20230627,2.57,2.576,2.588,2.564,32418,508068.SH
20230628,2.576,2.569,2.577,2.543,34494,508068.SH
20230629,2.569,2.553,2.569,2.535,29543,508068.SH
20230630,2.543,2.554,2.557,2.543,20718,508068.SH
20230703,2.548,2.554,2.554,2.538,21266,508068.SH
20230704,2.554,2.55,2.557,2.54,20421,508068.SH
20230705,2.55,2.551,2.568,2.543,25725,508068.SH
20230706,2.559,2.607,2.614,2.552,27114,508068.SH
20230707,2.608,2.644,2.663,2.581,27883,508068.SH
20230710,2.644,2.641,2.661,2.641,13318,508068.SH
20230711,2.635,2.642,2.65,2.621,13751,508068.SH
20230712,2.635,2.628,2.642,2.625,3889,508068.SH
20230713,2.615,2.635,2.636,2.615,10634,508068.SH
20230714,2.629,2.645,2.658,2.629,20624,508068.SH
20230717,2.658,2.669,2.676,2.645,21280,508068.SH
20230718,2.683,2.686,2.698,2.663,41443,508068.SH
20230719,2.686,2.66,2.686,2.641,46049,508068.SH
20230720,2.644,2.677,2.687,2.623,29934,508068.SH
20230721,2.666,2.717,2.719,2.658,28680,508068.SH
20230724,2.72,2.737,2.744,2.678,49726,508068.SH
20230725,2.737,2.751,2.761,2.719,43646,508068.SH
20230726,2.747,2.785,2.787,2.719,32532,508068.SH
20230727,2.785,2.775,2.785,2.751,23295,508068.SH
20230728,2.761,2.789,2.795,2.754,32579,508068.SH
20230731,2.789,2.836,2.848,2.789,44382,508068.SH
20230801,2.827,2.789,2.868,2.788,52662,508068.SH
20230802,2.789,2.79,2.82,2.789,38776,508068.SH
20230803,2.79,2.791,2.818,2.766,40140,508068.SH
20230804,2.773,2.788,2.801,2.748,61672,508068.SH
20230807,2.774,2.778,2.788,2.767,43143,508068.SH
20230808,2.779,2.775,2.795,2.766,38928,508068.SH
20230809,2.775,2.794,2.799,2.772,50176,508068.SH
20230810,2.796,2.818,2.828,2.774,65003,508068.SH
20230811,2.823,2.826,2.834,2.806,37557,508068.SH
20230814,2.825,2.834,2.841,2.788,30540,508068.SH
20230815,2.834,2.828,2.854,2.821,24462,508068.SH
20230816,2.828,2.822,2.839,2.811,27612,508068.SH
20230817,2.823,2.821,2.829,2.818,18518,508068.SH
20230818,2.827,2.852,2.853,2.819,38054,508068.SH
20230821,2.863,2.833,2.863,2.738,25484,508068.SH
20230822,2.826,2.785,2.826,2.738,41777,508068.SH
20230823,2.778,2.777,2.795,2.769,44950,508068.SH
20230824,2.765,2.828,2.858,2.762,27032,508068.SH
20230825,2.818,2.829,2.856,2.779,22295,508068.SH
20230828,2.822,2.843,2.858,2.819,25989,508068.SH
20230829,2.843,2.824,2.843,2.772,34612,508068.SH
20230830,2.812,2.821,2.827,2.784,30036,508068.SH
20230831,2.805,2.825,2.826,2.803,11567,508068.SH
20230901,2.825,2.821,2.838,2.806,20196,508068.SH
20230904,2.82,2.789,2.82,2.787,23590,508068.SH
20230905,2.776,2.81,2.844,2.776,29907,508068.SH
20230906,2.799,2.818,2.833,2.799,19628,508068.SH
20230907,2.818,2.807,2.833,2.787,32210,508068.SH
20230908,2.795,2.813,2.822,2.795,28146,508068.SH
20230911,2.811,2.813,2.821,2.803,24760,508068.SH
20230912,2.819,2.824,2.832,2.812,21505,508068.SH
20230913,2.824,2.828,2.839,2.805,29668,508068.SH
20230914,2.828,2.823,2.842,2.808,25293,508068.SH
20230915,2.823,2.811,2.823,2.808,17157,508068.SH
20230918,2.811,2.803,2.811,2.794,13816,508068.SH
20230919,2.788,2.809,2.815,2.788,11442,508068.SH
20230920,2.807,2.805,2.812,2.798,10109,508068.SH
20230921,2.802,2.812,2.819,2.798,14694,508068.SH
20230922,2.802,2.807,2.814,2.801,11117,508068.SH
20230925,2.807,2.81,2.835,2.79,13428,508068.SH
20230926,2.802,2.818,2.82,2.798,10275,508068.SH
20230927,2.812,2.813,2.823,2.807,14515,508068.SH
20230928,2.807,2.813,2.838,2.806,29779,508068.SH
20231009,2.815,2.803,2.816,2.799,11631,508068.SH
20231010,2.8,2.803,2.809,2.799,12331,508068.SH
20231011,2.805,2.808,2.813,2.801,16793,508068.SH
20231012,2.805,2.811,2.815,2.797,10325,508068.SH
20231013,2.798,2.803,2.81,2.798,16937,508068.SH
20231016,2.825,2.803,2.825,2.78,15630,508068.SH
20231017,2.789,2.769,2.797,2.763,30567,508068.SH
20231018,2.768,2.758,2.768,2.726,13907,508068.SH
20231019,2.749,2.737,2.749,2.725,13284,508068.SH
20231020,2.708,2.705,2.742,2.702,14049,508068.SH
20231023,2.683,2.703,2.706,2.683,12161,508068.SH
20231024,2.703,2.726,2.728,2.687,12129,508068.SH
20231025,2.732,2.778,2.83,2.727,13848,508068.SH
20231026,2.778,2.778,2.793,2.778,13145,508068.SH
20231027,2.778,2.786,2.803,2.774,4795,508068.SH
20231030,2.786,2.777,2.815,2.761,13384,508068.SH
20231031,2.78,2.783,2.79,2.756,8894,508068.SH
20231101,2.783,2.758,2.783,2.733,8975,508068.SH
20231102,2.758,2.752,2.758,2.723,7366,508068.SH
20231103,2.75,2.744,2.753,2.737,5116,508068.SH
20231106,2.75,2.739,2.75,2.723,4991,508068.SH
20231107,2.718,2.753,2.768,2.718,15452,508068.SH
20231108,2.733,2.768,2.776,2.733,12871,508068.SH
20231109,2.768,2.782,2.79,2.766,14638,508068.SH
20231110,2.779,2.76,2.789,2.756,31453,508068.SH
20231113,2.759,2.746,2.779,2.744,9155,508068.SH
20231114,2.746,2.752,2.775,2.746,26610,508068.SH
20231115,2.75,2.746,2.768,2.745,11460,508068.SH
20231116,2.746,2.74,2.751,2.734,3162,508068.SH
20231117,2.731,2.741,2.745,2.731,674,508068.SH
20231120,2.738,2.742,2.742,2.731,3182,508068.SH
20231121,2.75,2.733,2.75,2.728,4995,508068.SH
20231122,2.731,2.727,2.742,2.723,15895,508068.SH
20231123,2.727,2.699,2.735,2.689,22903,508068.SH
20231124,2.692,2.689,2.696,2.67,30066,508068.SH
20231127,2.689,2.641,2.689,2.635,8096,508068.SH
20231128,2.633,2.661,2.663,2.63,10768,508068.SH
20231129,2.665,2.671,2.674,2.64,8874,508068.SH
20231130,2.658,2.656,2.704,2.633,21406,508068.SH
20231201,2.643,2.673,2.675,2.637,18140,508068.SH
20231204,2.673,2.721,2.729,2.673,18990,508068.SH
20231205,2.711,2.704,2.713,2.684,18128,508068.SH
20231206,2.704,2.712,2.73,2.688,7741,508068.SH
20231207,2.711,2.706,2.711,2.7,2399,508068.SH
20231208,2.705,2.688,2.715,2.688,8207,508068.SH
20231211,2.688,2.666,2.692,2.663,11233,508068.SH
20231212,2.665,2.639,2.692,2.639,8228,508068.SH
20231213,2.635,2.654,2.679,2.632,6225,508068.SH
20231214,2.642,2.646,2.662,2.641,6370,508068.SH
20231215,2.647,2.64,2.657,2.634,5578,508068.SH
20231218,2.64,2.639,2.649,2.621,5298,508068.SH
20231219,2.653,2.603,2.653,2.6,35107,508068.SH
20231220,2.603,2.609,2.626,2.555,37325,508068.SH
20231221,2.609,2.631,2.643,2.6,47780,508068.SH
20231222,2.631,2.658,2.704,2.626,50660,508068.SH
20231225,2.658,2.646,2.659,2.615,57804,508068.SH
20231226,2.639,2.621,2.691,2.606,44474,508068.SH
20231227,2.621,2.62,2.677,2.595,46491,508068.SH
20231228,2.6,2.61,2.654,2.6,29830,508068.SH
20231229,2.61,2.631,2.633,2.595,27287,508068.SH
20240102,2.623,2.613,2.66,2.611,28775,508068.SH
20240103,2.605,2.603,2.651,2.594,30668,508068.SH
20240104,2.613,2.593,2.613,2.55,72103,508068.SH
20240105,2.587,2.596,2.601,2.58,34951,508068.SH
20240108,2.581,2.621,2.626,2.581,30884,508068.SH
20240109,2.619,2.603,2.624,2.594,35255,508068.SH
20240110,2.602,2.558,2.602,2.538,43169,508068.SH
20240111,2.558,2.524,2.584,2.521,42835,508068.SH
20240112,2.532,2.512,2.532,2.508,31155,508068.SH
20240115,2.512,2.518,2.523,2.5,30918,508068.SH
20240116,2.511,2.57,2.573,2.511,32029,508068.SH
20240117,2.572,2.633,2.66,2.57,37170,508068.SH
20240118,2.633,2.588,2.642,2.563,27849,508068.SH
20240119,2.572,2.642,2.643,2.571,20406,508068.SH
20240122,2.646,2.632,2.655,2.611,25213,508068.SH
20240123,2.632,2.634,2.65,2.614,22411,508068.SH
20240124,2.634,2.653,2.663,2.634,30520,508068.SH
20240125,2.658,2.686,2.691,2.648,13469,508068.SH
20240126,2.681,2.694,2.703,2.66,9001,508068.SH
20240129,2.694,2.694,2.707,2.68,27629,508068.SH
20240130,2.694,2.685,2.7,2.673,22389,508068.SH
20240131,2.663,2.709,2.709,2.66,25856,508068.SH
20240201,2.709,2.722,2.725,2.678,11782,508068.SH
20240202,2.711,2.722,2.728,2.699,30957,508068.SH
20240205,2.713,2.693,2.723,2.681,50290,508068.SH
20240206,2.687,2.728,2.738,2.658,29545,508068.SH
20240207,2.723,2.728,2.743,2.714,33474,508068.SH
20240208,2.738,2.727,2.743,2.713,27668,508068.SH
20240219,2.723,2.826,2.842,2.713,34053,508068.SH
20240220,2.826,2.814,2.877,2.804,33552,508068.SH
20240221,2.822,2.821,2.833,2.813,54309,508068.SH
20240222,2.821,2.843,2.843,2.816,35858,508068.SH
20240223,2.843,2.892,2.907,2.803,77451,508068.SH
20240226,2.892,2.957,2.965,2.887,58085,508068.SH
20240227,2.962,2.925,2.976,2.858,48879,508068.SH
20240228,2.896,2.901,2.924,2.896,39462,508068.SH
20240229,2.87,2.951,2.956,2.868,39886,508068.SH
20240301,2.951,3.014,3.02,2.941,48583,508068.SH
20240304,3.016,3.046,3.047,3.001,63455,508068.SH
20240305,3.045,3.029,3.061,3.014,38219,508068.SH
20240306,3.029,2.987,3.029,2.979,59230,508068.SH
20240307,2.979,2.959,3.015,2.958,75281,508068.SH
20240308,2.959,2.96,2.969,2.943,59046,508068.SH
20240311,2.962,2.968,2.993,2.953,51092,508068.SH
20240312,2.968,2.964,2.977,2.893,47872,508068.SH
20240313,2.959,2.94,2.966,2.899,53308,508068.SH
20240314,2.933,2.953,2.953,2.913,44377,508068.SH
20240315,2.953,2.976,2.978,2.932,27373,508068.SH
20240318,2.979,2.988,3.005,2.972,43734,508068.SH
20240319,2.988,2.995,3.009,2.952,33844,508068.SH
20240320,2.995,2.987,2.999,2.978,29883,508068.SH
20240321,2.987,2.998,3.001,2.982,29673,508068.SH
20240322,2.998,2.916,3.011,2.893,45384,508068.SH
20240325,2.916,2.856,2.916,2.855,43913,508068.SH
20240326,2.856,2.883,2.883,2.835,48477,508068.SH
20240327,2.873,2.929,2.943,2.873,50539,508068.SH
20240328,2.929,2.912,2.948,2.893,40999,508068.SH
20240329,2.912,2.916,2.926,2.896,38059,508068.SH
20240401,2.916,2.936,2.936,2.893,46788,508068.SH
20240402,2.936,2.95,2.959,2.935,32136,508068.SH
20240403,2.95,2.961,2.99,2.941,27424,508068.SH
20240408,2.961,2.961,2.976,2.945,26968,508068.SH
20240409,2.961,2.953,2.973,2.949,22295,508068.SH
20240410,2.943,2.961,2.962,2.94,48917,508068.SH
20240411,2.961,3.006,3.023,2.956,24008,508068.SH
20240412,3.005,3.001,3.01,2.984,25733,508068.SH
20240415,2.983,2.996,3.005,2.983,17605,508068.SH
20240416,2.996,2.984,2.996,2.976,21839,508068.SH
20240417,2.985,2.99,3.004,2.985,32646,508068.SH
20240418,2.994,2.97,2.994,2.964,20788,508068.SH
20240419,2.97,2.96,2.992,2.958,21984,508068.SH
20240422,2.96,2.979,2.987,2.96,22596,508068.SH
20240423,2.979,3.0,3.006,2.973,26203,508068.SH
20240424,3.005,2.995,3.032,2.967,20385,508068.SH
20240425,2.979,3.031,3.049,2.974,26218,508068.SH
20240426,3.031,3.063,3.072,3.011,32471,508068.SH
20240429,3.064,3.064,3.075,3.024,51405,508068.SH
20240430,3.063,3.046,3.063,3.038,30243,508068.SH
20240506,3.046,3.043,3.048,3.018,27789,508068.SH
20240507,3.043,3.058,3.074,3.025,22511,508068.SH
20240508,3.058,3.039,3.066,3.033,27811,508068.SH
20240509,3.039,3.033,3.046,3.027,16355,508068.SH
20240510,3.033,3.049,3.063,3.033,17071,508068.SH
20240513,3.047,3.049,3.059,3.045,20755,508068.SH
20240514,3.049,3.029,3.058,3.019,20939,508068.SH
20240515,3.033,3.02,3.033,3.019,21516,508068.SH
20240516,3.02,3.021,3.026,3.016,28952,508068.SH
20240517,3.021,3.007,3.022,3.001,31769,508068.SH
20240520,3.009,3.007,3.018,2.999,38734,508068.SH
20240521,3.008,2.999,3.008,2.999,28880,508068.SH
20240522,2.999,2.998,3.016,2.994,27971,508068.SH
20240523,3.028,2.996,3.029,2.99,39231,508068.SH
20240524,2.996,3.013,3.016,2.996,29906,508068.SH
20240527,3.011,3.017,3.029,3.011,20760,508068.SH
20240528,3.017,3.011,3.027,3.009,17266,508068.SH
20240529,3.011,3.011,3.018,3.003,22711,508068.SH
20240530,3.009,3.006,3.011,3.001,18175,508068.SH
20240531,3.003,3.007,3.016,2.999,19212,508068.SH
20240603,3.005,3.016,3.017,2.988,20028,508068.SH
20240604,3.016,3.004,3.016,2.995,28445,508068.SH
20240605,3.004,3.006,3.006,2.995,25712,508068.SH
20240606,3.005,3.004,3.009,2.996,30700,508068.SH
20240607,3.007,3.011,3.012,3.005,13293,508068.SH
20240611,3.011,3.007,3.015,3.0,16854,508068.SH
20240612,2.998,3.011,3.013,2.988,20418,508068.SH
20240613,2.998,3.037,3.057,2.998,46778,508068.SH
20240614,3.037,3.041,3.048,3.026,48036,508068.SH
20240617,3.039,3.049,3.053,3.029,20193,508068.SH
20240618,3.049,3.044,3.049,3.03,43630,508068.SH
20240619,3.031,3.047,3.048,3.031,22868,508068.SH
20240620,3.048,3.028,3.048,3.008,46600,508068.SH
20240621,3.028,3.039,3.047,3.016,26139,508068.SH
20240624,3.03,3.041,3.046,3.028,32762,508068.SH
20240625,3.047,3.029,3.048,3.024,29589,508068.SH
20240626,3.016,3.053,3.053,3.016,29431,508068.SH
20240627,3.048,3.113,3.131,3.048,40805,508068.SH
20240628,3.172,3.102,3.172,3.073,81928,508068.SH
20240701,3.088,3.137,3.138,3.083,69652,508068.SH
20240702,3.142,3.181,3.193,3.128,27269,508068.SH
20240703,3.181,3.191,3.192,3.157,41436,508068.SH
20240704,3.185,3.168,3.188,3.163,29020,508068.SH
20240705,3.157,3.145,3.163,3.142,25925,508068.SH
20240708,3.098,3.14,3.147,3.098,25352,508068.SH
20240709,3.128,3.159,3.16,3.114,13867,508068.SH
20240710,3.162,3.2,3.201,3.148,19875,508068.SH
20240711,3.2,3.183,3.202,3.173,24657,508068.SH
20240712,3.172,3.192,3.202,3.172,21515,508068.SH
20240715,3.19,3.239,3.242,3.178,21309,508068.SH
20240716,3.236,3.244,3.299,3.217,28821,508068.SH
20240717,3.244,3.217,3.244,3.208,34727,508068.SH
20240718,3.21,3.231,3.249,3.201,39171,508068.SH
20240719,3.231,3.24,3.245,3.218,29294,508068.SH
20240722,3.224,3.232,3.235,3.201,27350,508068.SH
20240723,3.216,3.233,3.233,3.202,35017,508068.SH
20240724,3.218,3.248,3.253,3.218,22096,508068.SH
20240725,3.246,3.269,3.291,3.234,25982,508068.SH
20240726,3.292,3.314,3.319,3.238,38876,508068.SH
20240729,3.281,3.303,3.324,3.281,20228,508068.SH
20240730,3.292,3.327,3.327,3.288,32621,508068.SH
20240731,3.328,3.329,3.346,3.322,19478,508068.SH
20240801,3.329,3.339,3.358,3.329,21521,508068.SH
20240802,3.328,3.353,3.364,3.328,29688,508068.SH
20240805,3.353,3.417,3.426,3.323,48865,508068.SH
20240806,3.417,3.399,3.425,3.36,26975,508068.SH
20240807,3.399,3.438,3.448,3.396,29659,508068.SH
20240808,3.438,3.428,3.501,3.428,33522,508068.SH
20240809,3.428,3.418,3.445,3.315,36475,508068.SH
20240812,3.418,3.406,3.418,3.389,20180,508068.SH
20240813,3.406,3.424,3.444,3.364,24811,508068.SH
20240814,3.448,3.504,3.505,3.37,29618,508068.SH
20240815,3.504,3.497,3.504,3.47,17725,508068.SH
20240816,3.497,3.497,3.504,3.476,21273,508068.SH
20240819,3.499,3.489,3.499,3.479,18107,508068.SH
20240820,3.489,3.42,3.504,3.418,27121,508068.SH
20240821,3.388,3.353,3.436,3.345,34111,508068.SH
20240822,3.337,3.43,3.474,3.336,88742,508068.SH
20240823,3.437,3.452,3.461,3.418,51452,508068.SH
20240826,3.453,3.445,3.468,3.41,50763,508068.SH
20240827,3.429,3.427,3.444,3.414,29669,508068.SH
20240828,3.418,3.42,3.431,3.389,28002,508068.SH
20240829,3.42,3.388,3.448,3.388,44281,508068.SH
20240830,3.382,3.384,3.443,3.382,41513,508068.SH
20240902,3.384,3.415,3.418,3.364,34801,508068.SH
20240903,3.413,3.388,3.415,3.383,33116,508068.SH
20240904,3.391,3.358,3.405,3.351,16066,508068.SH
20240905,3.338,3.378,3.382,3.328,35026,508068.SH
20240906,3.377,3.423,3.435,3.342,19362,508068.SH
20240909,3.423,3.446,3.451,3.394,22302,508068.SH
20240910,3.45,3.429,3.463,3.412,15781,508068.SH
20240911,3.429,3.401,3.429,3.385,24479,508068.SH
20240912,3.398,3.349,3.408,3.347,48320,508068.SH
20240913,3.359,3.332,3.359,3.318,66982,508068.SH
20240918,3.332,3.323,3.332,3.318,8359,508068.SH
20240919,3.323,3.324,3.35,3.307,15098,508068.SH
20240920,3.324,3.332,3.344,3.31,33346,508068.SH
20240923,3.339,3.342,3.355,3.319,10403,508068.SH
20240924,3.342,3.365,3.375,3.342,15456,508068.SH
20240925,3.371,3.41,3.412,3.352,14724,508068.SH
20240926,3.41,3.488,3.492,3.382,22988,508068.SH
20240927,3.489,3.428,3.502,3.402,8923,508068.SH
20240930,3.312,3.388,3.421,3.312,30647,508068.SH
20241008,3.379,3.344,3.379,3.288,35008,508068.SH
20241009,3.34,3.308,3.34,3.294,27803,508068.SH
20241010,3.294,3.309,3.322,3.29,39096,508068.SH
20241011,3.309,3.372,3.393,3.293,31339,508068.SH
20241014,3.384,3.355,3.387,3.339,21143,508068.SH
20241015,3.354,3.334,3.37,3.326,47259,508068.SH
20241016,3.334,3.342,3.355,3.326,25252,508068.SH
20241017,3.342,3.362,3.367,3.316,24418,508068.SH
20241018,3.367,3.369,3.391,3.345,10452,508068.SH
20241021,3.369,3.343,3.369,3.341,6217,508068.SH
20241022,3.343,3.34,3.347,3.337,20845,508068.SH
20241023,3.34,3.334,3.34,3.327,36643,508068.SH
20241024,3.334,3.335,3.368,3.326,20054,508068.SH
20241025,3.331,3.337,3.337,3.32,13412,508068.SH
20241028,3.337,3.328,3.337,3.322,14746,508068.SH
20241029,3.328,3.331,3.342,3.314,7549,508068.SH
20241030,3.331,3.32,3.331,3.319,14938,508068.SH
20241031,3.32,3.312,3.331,3.309,17007,508068.SH
20241101,3.309,3.294,3.323,3.288,25274,508068.SH
20241104,3.295,3.291,3.295,3.279,10475,508068.SH
20241105,3.291,3.296,3.314,3.273,18725,508068.SH
20241106,3.296,3.279,3.296,3.278,16234,508068.SH
20241107,3.3,3.276,3.3,3.269,16396,508068.SH
20241108,3.276,3.292,3.302,3.257,24046,508068.SH
20241111,3.292,3.378,3.416,3.277,14757,508068.SH
20241112,3.378,3.433,3.443,3.354,15167,508068.SH
20241113,3.433,3.43,3.434,3.385,26344,508068.SH
20241114,3.427,3.367,3.429,3.365,25956,508068.SH
20241115,3.362,3.362,3.376,3.338,9145,508068.SH
20241118,3.367,3.375,3.38,3.352,18228,508068.SH
20241119,3.347,3.364,3.381,3.347,22420,508068.SH
20241120,3.364,3.351,3.395,3.347,15420,508068.SH
20241121,3.351,3.35,3.367,3.342,24844,508068.SH
20241122,3.341,3.352,3.357,3.34,42420,508068.SH
20241125,3.352,3.355,3.364,3.337,18397,508068.SH
20241126,3.337,3.363,3.367,3.337,8367,508068.SH
20241127,3.363,3.359,3.394,3.35,10056,508068.SH
20241128,3.359,3.354,3.387,3.349,1028,508068.SH
20241129,3.36,3.365,3.368,3.338,17981,508068.SH
20241202,3.365,3.373,3.401,3.352,56908,508068.SH
20241203,3.343,3.392,3.426,3.342,34230,508068.SH
20241204,3.392,3.387,3.445,3.376,7361,508068.SH
20241205,3.371,3.386,3.393,3.366,11895,508068.SH
20241206,3.386,3.399,3.409,3.386,38661,508068.SH
20241209,3.399,3.446,3.456,3.366,29204,508068.SH
20241210,3.443,3.612,3.617,3.402,46667,508068.SH
20241211,3.594,3.628,3.662,3.562,49505,508068.SH
20241212,3.628,3.616,3.628,3.602,37653,508068.SH
20241213,3.616,3.651,3.66,3.612,26706,508068.SH
20241216,3.651,3.718,3.738,3.618,36303,508068.SH
20241217,3.722,3.691,3.731,3.678,32243,508068.SH
